[62731,1373430],[62731,1373434],0.000979
[89757,1236827],[94562,1289552],0.131596
[97451,1171950],[105728,1259092],0.244885
[115736,1049990],[115774,1081246],0.298995
[129563,982058],[134839,1021994],0.315881
[148362,928771],[157191,994130],0.328418
[162755,900803],[175038,980028],0.334924
[178161,890670],[188481,965832],0.339236
[192469,877641],[204041,952526],0.344457
[210842,864972],[226580,937621],0.348781
[225346,851654],[240816,930646],0.350966
[243276,844978],[262798,916301],0.352932
[248164,832796],[269650,903109],0.353799
[282595,816761],[302086,876913],0.355851
[406369,795794],[419703,847031],0.357469
[540899,769455],[588103,843341],0.357692
[592901,766182],[640105,840068],0.357761
[665412,762060],[692641,813297],0.357866
[86063,1287419],[90766,1349982],0.513277
[90894,1208728],[95699,1267182],0.546618
[97993,1187260],[102798,1260524],0.583854
[106673,1181019],[111522,1250023],0.623504
[118130,994130],[120107,1052263],0.656591
[126620,965832],[132316,1025435],0.66649
[139079,960622],[145314,1016576],0.679511
[143375,952419],[149610,1008373],0.684516
[145818,945239],[154725,1001402],0.686869
[151614,937621],[158192,994705],0.692051
[161032,930646],[168416,985035],0.698374
[166172,923149],[175081,977977],0.702392
[174793,916301],[185734,970948],0.707077
[180970,903109],[191801,961591],0.710822
[191194,901084],[201470,954092],0.714908
[202247,894226],[212504,947503],0.719349
[209971,886060],[222223,939337],0.722244
[216006,876913],[229938,933078],0.724334
[223921,874571],[237853,927504],0.727215
[231742,869050],[242257,921339],0.729879
[242862,863329],[253622,915128],0.732883
[250213,857163],[259930,909345],0.735572
[254739,847031],[271365,901824],0.736744
[262654,843341],[279280,896250],0.739379
[270944,838129],[286847,888560],0.740692
[280310,832824],[294722,879881],0.742483
[292975,823610],[305885,873837],0.744171
[298043,818759],[312444,868986],0.745259
[318206,809696],[337521,854590],0.746689
[354137,800014],[374380,844908],0.748083
[515302,790839],[535241,835733],0.749221
[543367,782470],[577650,833518],0.749467
[561700,780882],[597559,829395],0.749627
[564709,776361],[600568,824874],0.749696
[568060,772888],[603919,821401],0.749789
[571847,769455],[607706,817968],0.749865
[617160,766280],[647318,811174],0.749955
[753005,757105],[793573,806541],0.750015
[765391,755911],[805959,805347],0.750022
[811786,752983],[844974,797877],0.75003
[75152,1314876],[77511,1350590],0.848382
[89065,1289552],[92261,1336967],0.956482
[94529,1249630],[95372,1288859],0.998416
[95380,1233502],[96645,1272731],1.00855
[99308,1217465],[102044,1256694],1.03887
[107044,1202082],[109731,1247752],1.08198
[124473,994705],[128533,1033914],1.13231
[138060,970948],[141443,1011769],1.14897
[146927,961591],[152019,1002065],1.15952
[154700,954092],[159792,991632],1.16584
[161280,947503],[166318,987414],1.17116
[161705,939337],[166797,980737],1.17215
[169522,933078],[174911,974532],1.17799
[174052,927504],[180740,965632],1.18225
[185830,921339],[192518,961444],1.18959
[190936,915128],[197898,955608],1.19301
[193314,914651],[200868,951508],1.19502
[198381,909345],[206560,947506],1.19792
[204541,901824],[211790,940792],1.20235
[211664,896250],[219841,934215],1.2066
[218514,894080],[226782,928880],1.21168
[226471,888560],[234362,924462],1.21517
[227722,885097],[236232,921079],1.21605
[233203,879881],[241410,917600],1.21816
[235594,877440],[245401,913457],1.21935
[240350,873837],[250661,910322],1.22067
[245026,868986],[255337,906883],1.22271
[252215,867669],[260836,902787],1.22507
[253910,863795],[264304,898938],1.22584
[261621,859988],[272519,895131],1.22807
[266121,854590],[277019,892123],1.2297
[268160,851828],[279685,886417],1.23033
[272916,848693],[284945,883282],1.23144
[277592,844908],[289621,879843],1.2334
[286011,841433],[295966,875420],1.23527
[293722,833518],[305672,869793],1.23679
[297981,829395],[309506,865765],1.2401
[304307,828920],[316396,862564],1.24175
[307406,824874],[319452,859492],1.24243
[314766,821401],[327213,854324],1.24493
[320319,817749],[330208,849573],1.24629
[329286,811174],[339337,845414],1.24723
[333867,805347],[344319,840487],1.24779
[340546,804136],[348440,835960],1.24809
[370432,797877],[385235,831838],1.24878
[422664,795794],[437467,827618],1.24934
[537578,790839],[546096,822663],1.25015
[562731,787554],[587289,820472],1.2504
[566288,785068],[590846,817986],1.25053
[572185,781449],[593893,814367],1.2507
[587480,778995],[611924,810819],1.25087
[591267,775562],[615711,807386],1.25094
[591650,772888],[617821,804712],1.25104
[595207,770402],[621378,802226],1.25111
[633455,766280],[658173,798104],1.25122
[681707,762060],[710405,793884],1.25128
[775748,759591],[804658,792524],1.25132
[789833,757105],[819034,788929],1.25132
[828081,752983],[855829,784807],1.25134
[70301,1332263],[70538,1359394],1.30971
[75192,1320235],[76999,1351431],1.35054
[83748,1312263],[85634,1343194],1.41888
[90351,1304234],[91313,1336577],1.46854
[94901,1247752],[97103,1278463],1.50044
[95422,1240914],[96735,1270898],1.50738
[95501,1232170],[96713,1262154],1.50836
[99914,1225763],[102274,1255747],1.53727
[101009,1219127],[103413,1249111],1.54418
[107470,1209371],[109221,1239684],1.57943
[118171,1033914],[120148,1052044],1.62842
[126881,1002065],[128858,1026300],1.64179
[139153,987414],[141130,1014961],1.65563
[140559,980737],[143978,1008586],1.65713
[148332,974532],[152134,1002408],1.66575
[148636,972712],[152024,996063],1.66638
[148887,965632],[152275,990699],1.66685
[156430,961406],[160201,985468],1.67181
[161284,955608],[164672,981904],1.67513
[162301,947506],[166382,974904],1.67631
[169242,944985],[173323,969569],1.68169
[173510,940792],[177272,965703],1.68486
[178365,934215],[182653,961815],1.68857
[183821,932366],[187902,957793],1.69342
[188851,928880],[192932,955605],1.69709
[190647,924462],[195992,951392],1.699
[194787,923820],[200210,949161],1.70182
[194800,921079],[200223,946622],1.70186
[199556,917600],[204979,944497],1.70432
[202741,916527],[208668,941868],1.70705
[204232,913457],[210159,940048],1.70849
[210699,910322],[215911,936265],1.71203
[212206,906883],[216494,933533],1.71352
[218071,906011],[223828,930606],1.71766
[218105,902787],[224107,927602],1.71772
[222861,898938],[229367,924467],1.71941
[227307,897845],[233813,921975],1.72144
[229148,894793],[234669,919018],1.72271
[232449,892123],[239197,916269],1.72418
[236053,889458],[241826,913214],1.72609
[241239,883282],[246760,908794],1.72942
[248144,879843],[253701,903459],1.73195
[252900,875420],[258961,900324],1.73418
[256085,873842],[263637,896885],1.73578
[261214,869708],[268181,893470],1.73822
[265740,865765],[273211,891282],1.73995
[269127,862564],[273819,888097],1.74119
[271385,859492],[279112,884926],1.74232
[277659,858435],[284036,880943],1.74431
[282415,854324],[289296,877808],1.74595
[285600,849573],[293972,874369],1.74718
[292279,848284],[297691,870792],1.74969
[296677,844937],[303640,867445],1.75116
[301206,840487],[308933,864274],1.75186
[307480,835960],[313857,860291],1.7526
[314389,831838],[317806,855767],1.75342
[331059,822663],[337582,846827],1.75453
[340126,820472],[349693,843415],1.75612
[344298,817986],[354369,839976],1.75689
[358138,812727],[366499,835107],1.75935
[364623,809696],[374190,831458],1.7598
[364687,802226],[374254,825898],1.75982
[400554,800014],[411049,821776],1.76066
[449036,797564],[459531,819326],1.76131
[453016,793884],[463511,816609],1.76135
[543260,792524],[556785,814306],1.76209
[559313,790839],[571910,812601],1.76218
[588547,788779],[604154,811724],1.76252
[595180,786717],[608705,808479],1.76257
[596385,784807],[612921,806910],1.76263
[605137,782470],[619707,804305],1.76281
[618985,780882],[637275,802644],1.76296
[622772,778710],[638450,801220],1.7631
[623002,777763],[638680,800273],1.76312
[624589,776361],[640284,798123],1.76322
[627710,773835],[643405,795597],1.76333
[631497,770402],[647192,792164],1.7634
[663807,768766],[680430,790528],1.76355
[667364,766280],[683987,788042],1.7636
[667594,765333],[684217,787095],1.76362
[715616,762060],[736219,783822],1.76369
[715846,761113],[736449,782875],1.76369
[806071,759757],[829493,781519],1.76372
[806301,758810],[829723,780572],1.76372
[822336,757105],[844848,778867],1.76373
[822566,756158],[845078,777920],1.76373
[858221,752983],[881643,774745],1.76374
[858451,752036],[881873,773798],1.76374
[63703,1336577],[63732,1346850],1.77913
[80144,1319971],[80903,1337194],1.90515
[90648,1311237],[91932,1330764],1.99868
[94593,1262154],[95776,1283178],2.02966
[95168,1255747],[96424,1278779],2.03575
[95421,1245718],[96756,1266481],2.04004
[98740,1237346],[100284,1258109],2.07792
[101088,1233659],[101912,1254422],2.09731
[101109,1229242],[101933,1250005],2.09753
[105272,1225173],[106814,1246512],2.12758
[115800,1058785],[115840,1074762],2.19079
[118128,1051482],[120105,1053187],2.1965
[133628,1008586],[133770,1025892],2.22765
[134164,1002408],[136695,1020170],2.22923
[139217,990699],[141194,1009401],2.23456
[144224,989478],[146201,1005302],2.24228
[147633,981904],[149477,999282],2.24684
[147697,974904],[149541,993722],2.24712
[153826,969569],[156482,988387],2.25382
[160324,965703],[162168,983980],2.25964
[164784,961815],[166361,979321],2.26521
[168680,955418],[170101,971985],2.26849
[171764,951392],[173553,968622],2.27086
[176915,949161],[179870,965871],2.27494
[181077,946622],[182498,963190],2.27834
[183111,941868],[184880,959710],2.2802
[188979,939251],[191591,955322],2.28569
[192732,935983],[196347,953039],2.29025
[196790,933515],[199745,949386],2.29415
[198665,927602],[200453,945675],2.29624
[202521,927136],[203942,943703],2.29947
[208899,921975],[211704,937919],2.30645
[213378,919018],[216887,935941],2.30959
[214501,916269],[218491,932375],2.31054
[218946,913214],[223247,930250],2.31349
[222716,911787],[226706,928568],2.3163
[223050,908794],[225662,926093],2.31673
[226822,907844],[229867,924023],2.31954
[230419,903459],[233224,920808],2.32182
[232724,902631],[236820,918349],2.32331
[237315,900324],[241583,916700],2.32699
[237328,896885],[241596,914161],2.32702
[239895,896349],[243991,912067],2.32873
[242740,893470],[245545,909637],2.33046
[246697,891282],[250575,907449],2.33272
[247740,888097],[252486,904302],2.33355
[252496,884926],[257242,902177],2.33664
[254474,884331],[258570,900291],2.33758
[257172,882782],[261918,898738],2.33879
[260291,880943],[264387,896716],2.34084
[261415,877808],[265511,894956],2.34147
[265941,876826],[270541,892768],2.34385
[266565,874107],[270661,890067],2.34447
[270824,872319],[275596,888038],2.34592
[273506,869014],[277602,884732],2.34772
[275997,867445],[280597,883493],2.34861
[277482,865879],[282862,881597],2.34971
[280667,864260],[286047,879978],2.35092
[282158,862440],[287538,878158],2.35237
[284526,860291],[287985,876419],2.35343
[288959,855767],[293766,871853],2.35488
[292467,854368],[297921,869845],2.35595
[296585,852750],[300712,868468],2.35807
[296914,850881],[300937,865571],2.35858
[301400,848657],[306711,864091],2.36001
[304625,846827],[309152,861764],2.36112
[306278,843415],[312296,859479],2.36227
[309005,841839],[313101,856849],2.3631
[312478,839651],[318131,854661],2.36383
[315663,838032],[321316,853042],2.36438
[316564,835107],[320825,851156],2.36492
[320393,834077],[326046,849087],2.36629
[323243,830262],[329297,844978],2.36688
[327999,828137],[334053,842853],2.36808
[331184,825898],[337238,841234],2.36894
[332346,824788],[336206,838635],2.3696
[337102,819326],[341466,835500],2.37116
[340057,819161],[345912,833008],2.37181
[346155,816609],[350416,831451],2.37313
[350907,811724],[356924,827437],2.37361
[355258,808479],[359118,824326],2.37408
[362167,802644],[366027,817983],2.3746
[398034,798123],[402822,813861],2.37548
[446516,797564],[451304,811411],2.37614
[450496,794847],[455284,808694],2.37618
[540740,792164],[548558,806391],2.3775
[557023,789892],[563913,803739],2.37758
[592660,786717],[600478,800564],2.37799
[594517,783822],[604694,798995],2.37812
[601127,781352],[611480,796390],2.37829
[601357,780405],[611710,795443],2.37831
[616415,778867],[628269,794025],2.37846
[616645,777920],[628499,793078],2.37847
[620202,775876],[632056,790592],2.37854
[620432,774745],[632286,789645],2.37856
[624177,773798],[635178,787682],2.37862
[627964,770402],[638965,784249],2.37871
[661287,768766],[672203,782613],2.37884
[664844,766280],[675760,780127],2.37889
[692582,764988],[703583,778835],2.37896
[717076,762060],[727992,775907],2.37899
[729462,760866],[740378,774713],2.37899
[806187,758810],[820890,773474],2.37902
[822590,757105],[836621,770952],2.37903
[834976,755911],[849007,769758],2.37904
[858107,752983],[872810,767647],2.37905
[858337,752036],[873040,766700],2.37905
[870493,751789],[885196,766453],2.37905
[62766,1352788],[63076,1370113],2.42564
[62774,1351592],[63119,1368970],2.42579
[62795,1346850],[63140,1364553],2.42613
[63651,1335197],[63711,1351267],2.4472
[63715,1329637],[63767,1346196],2.44875
[63945,1328690],[63997,1345249],2.4558
[70042,1326356],[70077,1341050],2.52727
[79746,1322799],[79746,1337682],2.64353
[82038,1320118],[82240,1334880],2.69443
[85591,1317418],[86532,1332322],2.78943
[88163,1314634],[88506,1330075],2.85474
[90714,1312316],[91829,1327532],2.9273
[93617,1269841],[94626,1283992],3.0123
[93925,1266481],[94971,1280671],3.02022
[94403,1261734],[95489,1275964],3.03903
[94404,1257941],[95495,1273545],3.03957
[94419,1256798],[95538,1272402],3.04021
[94440,1252381],[95559,1267985],3.04108
[94515,1247459],[95563,1262968],3.04441
[95124,1245618],[96133,1261900],3.06315
[95482,1245347],[96510,1259592],3.07347
[96627,1243104],[97827,1258547],3.10912
[96857,1242157],[98057,1257600],3.11661
[99320,1241078],[100520,1256207],3.17223
[101845,1233077],[102880,1246629],3.21429
[104953,1229841],[106203,1243705],3.26213
[107832,1227497],[108783,1241304],3.29924
[109104,1224124],[109854,1237668],3.31599
[111354,1220843],[112191,1234510],3.35399
[115800,1057660],[116401,1070378],3.42073
[116201,1056365],[116834,1067513],3.42756
[116500,1053056],[117099,1066296],3.43221
[118593,1051962],[118779,1065159],3.44334
[118823,1051015],[119009,1064212],3.44547
[120106,1042547],[120540,1049398],3.4537
[120399,1033914],[120834,1042891],3.45843
[128534,1020170],[128564,1032807],3.4904
[128597,1015982],[128629,1027243],3.49128
[129820,1011119],[131363,1024220],3.50118
[132566,1010822],[132566,1023119],3.51176
[133527,1008454],[135070,1021043],3.51928
[136632,1004602],[136632,1015863],3.53421
[136696,999042],[136696,1010303],3.53465
[137657,995773],[139200,1008227],3.54255
[137887,994826],[139430,1007280],3.54432
[143637,993707],[143637,1004968],3.56026
[144598,991571],[146141,1002892],3.56582
[146043,988387],[147586,1001102],3.57421
[149425,986896],[149520,998139],3.58965
[149489,981336],[149542,993718],3.59031
[149719,980389],[149772,992771],3.59246
[154672,976550],[156483,988383],3.61033
[157621,974904],[159217,985360],3.61944
[161843,970998],[163212,983127],3.63103
[162301,968622],[164151,980403],3.63413
[165191,962113],[166613,973953],3.64717
[167465,960276],[168887,972824],3.65455
[167695,959710],[169117,971877],3.65587
[168910,958784],[170332,971034],3.66104
[171508,957640],[173324,969565],3.66819
[171738,956693],[173554,968618],3.66957
[174061,955322],[175828,967489],3.6771
[174291,954558],[176058,966542],3.67872
[178449,953039],[180749,964613],3.69025
[182570,949247],[184651,960653],3.70457
[186481,945675],[187903,957789],3.71648
[187502,943703],[189282,955776],3.72133
[190200,942711],[191622,954870],3.73115
[190430,941764],[191852,953923],3.73235
[193028,940983],[194844,952454],3.73862
[193258,939637],[195074,951507],3.73976
[196764,937919],[198531,950225],3.75107
[196994,937620],[198761,949278],3.75255
[198944,935941],[200366,947337],3.75938
[199032,934713],[200454,945671],3.75978
[201306,932375],[203943,943699],3.7674
[205349,930250],[207165,941283],3.77671
[207902,927040],[209669,939207],3.78322
[209347,926093],[211114,937417],3.78804
[212520,924023],[214820,935384],3.79514
[215073,921975],[216495,933529],3.80428
[216641,920761],[218722,931424],3.80872
[218439,918985],[221057,930516],3.81265
[218669,918038],[221287,929569],3.81358
[221113,916700],[222893,928441],3.81878
[221343,916054],[223123,927494],3.81974
[223582,914161],[225663,926089],3.82513
[225929,913214],[228228,924234],3.83222
[227271,911498],[230064,922159],3.83635
[230835,909167],[233455,919857],3.84383
[234297,907449],[236821,918345],3.85223
[236406,905717],[239198,916265],3.85789
[238021,904010],[240166,915469],3.8621
[238251,903063],[240396,914522],3.86306
[238991,901985],[241827,913210],3.86668
[242683,900291],[245207,911220],3.87655
[243433,898599],[245546,909633],3.8799
[243663,897652],[245776,908686],3.88101
[247219,896228],[249252,907600],3.88994
[247449,894956],[249482,906653],3.89076
[250342,892768],[252487,904298],3.8958
[250572,891785],[252717,903351],3.8967
[252280,890802],[254898,902234],3.9001
[252510,889855],[255128,901287],3.9009
[256047,888757],[258571,900287],3.90837
[256931,887675],[260156,899184],3.91121
[257076,887408],[259335,898975],3.9121
[257306,886461],[259565,898028],3.91321
[259540,886275],[261839,896899],3.91734
[261712,884732],[264834,895660],3.92164
[262010,883457],[265090,894764],3.92296
[262240,882510],[265320,893817],3.92393
[266449,880943],[269683,891969],3.93069
[266679,879978],[269913,891022],3.93152
[268138,878640],[270662,890063],3.93417
[268368,877693],[270892,889116],3.93488
[272438,876885],[275597,888034],3.93982
[272799,874369],[276278,885290],3.94184
[276294,872950],[278818,883885],3.94742
[276524,871853],[279048,882938],3.94812
[279781,869845],[282004,880798],3.95371
[280011,868468],[282234,879851],3.95432
[282677,867571],[285757,878792],3.95837
[282907,866624],[285987,877845],3.95922
[285120,865038],[287986,876415],3.96256
[285350,864091],[288216,875468],3.96329
[289213,863622],[291940,874224],3.97061
[289273,862659],[292336,873161],3.97088
[289503,861712],[292566,872214],3.9719
[290772,859944],[293997,870902],3.97443
[294029,858756],[297596,870026],3.97808
[294380,858535],[297338,869016],3.97992
[294610,856849],[297568,868069],3.98084
[295851,855576],[298931,866482],3.98296
[296081,854629],[299161,865535],3.98354
[300377,853961],[303961,864294],3.98776
[300607,853014],[304191,863347],3.98851
[301815,851013],[304657,861990],3.99079
[302045,850066],[304887,861043],3.99134
[305283,849087],[308867,859908],3.9937
[306571,847860],[309917,858855],3.99566
[310578,845921],[313102,856845],3.9996
[310808,844974],[313332,855898],4.00016
[312900,844120],[316246,854951],4.00338
[314136,842093],[317503,852915],4.00629
[314366,841146],[317733,851968],4.00695
[318406,839976],[320582,850211],4.00951
[321608,836447],[325760,846732],4.01162
[325672,835500],[328752,845830],4.01389
[325902,834726],[328982,844883],4.01427
[326200,833568],[329528,844027],4.01532
[329188,831131],[333247,840450],4.01838
[333940,829312],[336207,838631],4.02118
[337129,827387],[341188,836706],4.02461
[338291,824326],[340156,834107],4.02693
[342817,822600],[345186,831919],4.02957
[346002,817983],[349862,828480],4.03124
[349241,817026],[353101,826345],4.03445
[352330,815309],[355811,825133],4.03588
[356852,812352],[360874,822909],4.03711
[357082,811405],[361104,821962],4.03747
[361203,810386],[363068,819798],4.03866
[363761,808660],[366028,817979],4.04003
[368112,803078],[369977,813455],4.0415
[368342,802131],[370207,812508],4.04185
[403979,798995],[406772,809333],4.04394
[432730,798722],[434595,808041],4.04521
[452461,797373],[455254,806883],4.04566
[456211,795443],[459004,805113],4.04577
[468597,794025],[471390,803919],4.04608
[546455,793078],[552278,802810],4.04718
[546685,792353],[552508,801863],4.0472
[561823,790078],[567633,800158],4.04734
[562053,789131],[567863,799211],4.04736
[598572,787682],[604857,797900],4.04862
[598605,786526],[604428,796036],4.04864
[598835,785579],[604658,795089],4.04867
[607822,782470],[615430,791862],4.04923
[608052,781523],[615660,790915],4.04929
[623139,780078],[626595,789724],4.04977
[625394,778835],[633190,788352],4.05
[628282,777294],[635780,786613],4.05033
[628515,775907],[636311,785826],4.05041
[631291,774713],[636237,784733],4.05066
[632072,773466],[639868,783340],4.05085
[632302,772519],[640098,782393],4.05091
[637969,769758],[642915,779721],4.05131
[638199,769455],[643145,778774],4.05137
[673836,766280],[679710,775599],4.05185
[674066,765333],[679940,774652],4.0519
[722318,763830],[728192,773149],4.05206
[726068,762060],[731942,771379],4.05208
[726298,761113],[732172,770432],4.05209
[814949,759757],[825216,769076],4.05217
[815179,758810],[825446,768129],4.05218
[832595,757105],[840571,766424],4.0522
[832825,756158],[840801,765477],4.0522
[864923,754910],[875190,764229],4.05222
[867099,752983],[877366,762302],4.05223
[867329,752036],[877596,761355],4.05223
[62795,1352343],[63138,1364089],4.17375
[63025,1351396],[63368,1363142],4.17679
[63176,1346196],[63700,1357305],4.18237
[63945,1333661],[63998,1345245],4.20667
[65511,1333293],[65547,1344108],4.23337
[68417,1331336],[68453,1342833],4.27202
[68647,1330389],[68683,1341886],4.27704
[70042,1330032],[70078,1341046],4.30129
[70272,1329085],[70308,1340099],4.30572
[74967,1327881],[75003,1339267],4.37795
[75197,1326934],[75233,1338320],4.38226
[79912,1326113],[80485,1336844],4.45281
[80142,1325166],[80715,1335897],4.45992
[82108,1324241],[82275,1334226],4.52486
[84670,1322376],[85353,1332553],4.62018
[86987,1320442],[86987,1330427],4.70389
[89549,1318577],[90065,1328754],4.79297
[91290,1316868],[91326,1327030],4.84653
[92648,1315353],[93395,1325338],4.89829
[94913,1257600],[95542,1267385],4.97884
[95524,1251527],[96196,1260952],4.99571
[96195,1249111],[96509,1259596],5.01922
[96425,1248164],[96739,1258649],5.02721
[98049,1246629],[98844,1256733],5.07673
[99471,1245736],[100266,1255442],5.12354
[100435,1243941],[101230,1254737],5.14805
[101900,1237668],[102566,1247989],5.1851
[102130,1236721],[102796,1247042],5.19144
[102795,1235293],[103109,1245686],5.20944
[104138,1234510],[104589,1244792],5.23947
[105618,1233047],[106202,1243709],5.27079
[107157,1232277],[107302,1242202],5.29838
[108540,1229785],[109460,1238728],5.3267
[110464,1227755],[111303,1236698],5.36513
[112233,1225192],[112547,1234292],5.40693
[115800,1063088],[116402,1070374],5.49074
[116201,1059105],[116801,1068046],5.50284
[118593,1056195],[118778,1065163],5.52566
[118823,1055248],[119008,1064216],5.52844
[120148,1042804],[120619,1047981],5.53785
[120169,1038387],[120640,1043564],5.53805
[135262,1013335],[135800,1020961],5.60525
[136571,1007280],[136675,1014720],5.612
[136865,1001102],[136926,1009356],5.61519
[143099,996782],[143636,1004972],5.64121
[143329,995835],[143866,1004025],5.64327
[145795,994404],[147010,1002657],5.65658
[146025,993457],[147240,1001710],5.6586
[151993,983127],[153252,991139],5.69421
[155699,980403],[156474,988723],5.7114
[155929,979460],[156704,987776],5.71314
[158009,978406],[159208,985700],5.72577
[161886,977100],[161930,985263],5.74368
[162116,976153],[162160,984316],5.74525
[162295,974828],[162345,982793],5.74736
[162525,973703],[162575,981846],5.74967
[164328,971877],[164372,979796],5.76132
[169064,964270],[170323,971374],5.78648
[172540,961815],[173315,969905],5.79942
[175430,959731],[175482,968097],5.81074
[179481,956699],[180740,964953],5.82931
[179711,955752],[180979,963666],5.83092
[182371,953882],[183638,961919],5.84159
[182601,952935],[183868,960972],5.84341
[188080,949188],[188132,956846],5.86307
[188534,948300],[189281,955780],5.86782
[189749,947337],[190496,954937],5.87444
[194060,945387],[194835,952794],5.88981
[194290,943699],[195065,951847],5.89117
[195475,943001],[196222,950445],5.89734
[196690,941764],[197437,949602],5.90429
[202675,935861],[203934,944039],5.92999
[202905,934914],[204164,943092],5.93142
[206381,933529],[207156,941623],5.94327
[206611,932931],[207386,940676],5.94476
[209271,930516],[210883,938368],5.95434
[211908,928441],[213141,936465],5.96317
[214531,927289],[216143,935233],5.97439
[216442,924998],[217709,932690],5.98076
[218849,922925],[220090,930794],5.98992
[220181,921711],[220968,929041],5.9956
[220411,920764],[221198,928094],5.99702
[222375,919857],[223122,927498],6.00376
[223038,918248],[224687,926122],6.00712
[223268,917301],[224917,925175],6.00899
[227107,916265],[227909,923706],6.01893
[229316,914227],[231278,921320],6.02652
[229864,913210],[231858,919840],6.0302
[235431,911220],[236664,918480],6.04902
[235435,909633],[237084,917327],6.0491
[235665,908686],[237314,916380],6.05092
[238759,906653],[240451,913951],6.06208
[238989,905717],[240681,913004],6.06334
[241701,904010],[242488,911930],6.0711
[241931,903063],[242718,910983],6.07255
[242261,902234],[243867,909917],6.07567
[244534,900287],[246437,908064],6.0838
[248597,898028],[250578,905529],6.09633
[248827,896899],[250808,904582],6.09761
[251384,895281],[253378,902729],6.10512
[254022,893196],[254809,900759],6.11149
[254252,892249],[255039,899812],6.11257
[256879,890063],[258528,897840],6.11817
[257109,889116],[258758,896893],6.11927
[260279,887770],[261750,895424],6.12586
[260509,886823],[261980,894477],6.12719
[263454,886461],[264745,894185],6.13414
[263475,885290],[265469,892505],6.13426
[264522,883785],[266520,891109],6.14083
[267517,882938],[269397,890540],6.14787
[268735,881900],[270729,889370],6.15192
[270117,880798],[272098,888418],6.15649
[270347,879851],[272328,887471],6.15765
[271608,879105],[273231,886721],6.16187
[271838,878356],[273461,885774],6.16285
[272830,877663],[274522,884722],6.16631
[275889,875339],[277478,882582],6.17119
[276119,874224],[277708,881635],6.17229
[278489,873161],[280246,880472],6.17735
[280645,872003],[282738,879447],6.18192
[282032,870902],[284091,878522],6.18604
[282438,870026],[284419,877247],6.18775
[282668,869016],[284649,876300],6.18892
[285200,868635],[286957,876084],6.1944
[285430,867722],[287187,875137],6.19533
[286042,866482],[288040,873998],6.19795
[289405,865905],[291028,873228],6.2027
[289635,864958],[291258,872281],6.20355
[291870,863347],[294355,870673],6.21163
[293128,862659],[294751,869610],6.21637
[293358,861712],[294981,868663],6.21717
[294157,860891],[296182,868298],6.21976
[294387,859908],[296412,867351],6.22061
[298133,856845],[300131,863774],6.22536
[298363,855898],[300361,862827],6.22627
[302889,853458],[305391,860639],6.23172
[305449,851137],[307072,858439],6.23488
[305679,850190],[307302,857492],6.23561
[309218,849420],[311720,856735],6.23972
[309975,848943],[312102,856251],6.24148
[310205,847996],[312332,855304],6.24216
[311258,847517],[313239,854760],6.24459
[312845,846950],[314869,854248],6.2472
[313305,846689],[315517,853685],6.2492
[313924,846035],[315517,853294],6.25123
[314154,845088],[315747,852347],6.25206
[314881,844826],[317008,851865],6.25435
[316534,844027],[318661,851400],6.25712
[317890,843520],[320017,850677],6.26022
[317937,842181],[319918,849364],6.2604
[318167,841316],[320148,848417],6.26144
[321063,839503],[322997,846660],6.26518
[324276,836706],[326960,844024],6.26764
[324506,836154],[327190,843077],6.26829
[327994,835250],[330182,842175],6.27112
[328857,833637],[330480,840780],6.27299
[332075,831919],[333698,839063],6.27585
[334039,831131],[335662,836899],6.28119
[336597,828015],[338622,835080],6.28455
[336827,827068],[338852,834133],6.28514
[340948,824788],[342571,830556],6.28852
[345474,821962],[347601,828368],6.29177
[348659,819798],[350786,826749],6.29398
[350150,817979],[352277,824929],6.29581
[352033,817749],[354160,823517],6.29816
[354987,815814],[357011,822425],6.30185
[359509,813892],[361534,820771],6.30384
[359739,812914],[361764,819824],6.30431
[361666,812352],[363289,819358],6.30569
[361896,811405],[363519,818411],6.30608
[363860,809274],[365483,816247],6.30737
[364090,808327],[365713,815300],6.30783
[366418,807627],[368443,814428],6.30917
[366648,806680],[368673,813481],6.3096
[370769,803919],[372392,809904],6.31108
[406636,798847],[409187,805782],6.31458
[423231,797754],[424854,804737],6.31581
[435387,797673],[437010,804490],6.31635
[458868,795089],[461419,801562],6.31709
[551518,792812],[554693,799259],6.31938
[551748,791862],[554923,798312],6.3194
[567801,789710],[570048,796607],6.31964
[568031,788763],[570278,795660],6.31966
[580187,788516],[582434,795413],6.32009
[601492,787965],[604667,794412],6.32095
[603668,785680],[606843,792485],6.32102
[603898,784733],[607073,791538],6.32103
[614266,782393],[617845,788311],6.32219
[625566,781025],[628780,787120],6.3228
[625796,779721],[629010,786173],6.32287
[630671,779032],[635375,785748],6.32335
[630901,778085],[635605,784801],6.32354
[632677,777294],[638128,783163],6.32392
[633718,775540],[638422,782129],6.32416
[633948,774593],[638652,781182],6.32424
[636796,773149],[641533,779912],6.3247
[637069,772670],[641773,778656],6.32481
[640626,770402],[645330,776170],6.32508
[674426,767991],[678568,774534],6.32556
[677983,765477],[682125,772048],6.32578
[693088,765235],[697792,771003],6.32598
[726465,763830],[730607,769598],6.32605
[730215,761355],[734357,767828],6.32607
[730445,761113],[734587,766881],6.32608
[822865,759757],[827631,765525],6.3262
[823095,758810],[827861,764578],6.32621
[837658,757105],[842986,762873],6.32623
[837888,756158],[843216,761926],6.32624
[872082,754910],[877605,760678],6.32625
[875015,752983],[879781,758751],6.32627
[875245,752036],[880011,757804],6.32627
[62732,1362564],[63039,1370303],6.55191
[62774,1361421],[63117,1368506],6.5521
[62795,1357004],[63103,1364743],6.55246
[63025,1356057],[63333,1363796],6.55584
[63214,1354228],[63550,1361828],6.56432
[63582,1339267],[63768,1346192],6.57939
[63930,1338199],[63963,1345899],6.59328
[67233,1335897],[67269,1343440],6.63636
[67463,1335008],[67499,1342493],6.64107
[69012,1334047],[69048,1341356],6.67513
[71821,1332094],[71856,1338966],6.74183
[73543,1331022],[73579,1338294],6.77154
[73773,1330183],[73809,1337347],6.77732
[75092,1329515],[75128,1337157],6.80765
[75322,1328568],[75358,1336210],6.81405
[78698,1328012],[78734,1335568],6.87826
[81068,1327030],[81103,1334776],6.93637
[82239,1326853],[82274,1334230],6.97396
[83860,1325338],[83895,1332861],7.02929
[85740,1324512],[86116,1331353],7.10218
[87358,1323108],[87413,1329630],7.16233
[90107,1321546],[90512,1328149],7.25168
[91666,1320257],[91702,1326790],7.32322
[93225,1318689],[93746,1325235],7.38418
[94419,1281662],[94605,1288409],7.43822
[94483,1273423],[94934,1280861],7.44069
[94713,1272476],[95164,1279914],7.44825
[95346,1256008],[95903,1262847],7.47833
[95420,1254737],[95802,1262012],7.4826
[95650,1254075],[96032,1261065],7.49166
[95881,1253556],[96200,1260479],7.50221
[96111,1252609],[96430,1259532],7.51178
[98746,1250316],[98796,1257372],7.5736
[98976,1249369],[99026,1256425],7.58048
[100736,1247989],[101189,1255003],7.62604
[101790,1241870],[102172,1249049],7.66388
[102020,1241587],[102402,1248102],7.67266
[102481,1239386],[102800,1246569],7.69266
[103110,1238728],[103110,1245682],7.71544
[106473,1236337],[106926,1243560],7.79526
[106703,1235983],[107156,1242613],7.80131
[108090,1234510],[108636,1241719],7.83896
[108604,1233911],[108910,1240937],7.85919
[108834,1232964],[109140,1239990],7.86746
[109418,1232112],[109666,1238300],7.88797
[109769,1230355],[110088,1236248],7.9028
[111876,1228207],[112195,1234037],7.96501
[114463,1226536],[115062,1232532],8.04069
[115838,1064216],[116444,1070246],8.07616
[116068,1063840],[116674,1069299],8.08119
[116309,1062152],[116912,1067111],8.09126
[118593,1060783],[118685,1065802],8.11863
[118662,1059105],[118754,1064995],8.12117
[118892,1058158],[118984,1064048],8.12462
[124701,1036968],[124701,1041723],8.17337
[131101,1019701],[131133,1025167],8.20661
[131331,1018754],[131362,1024224],8.20896
[135069,1015600],[135069,1021047],8.23568
[139429,1001661],[139429,1007284],8.26785
[143100,1000835],[143100,1006526],8.28792
[146140,997683],[146140,1002896],8.30691
[146370,996736],[146370,1001949],8.30996
[149771,987436],[149771,992775],8.33862
[151993,986509],[152038,991978],8.35695
[152223,985562],[152268,991031],8.35952
[153438,984793],[153483,990188],8.37101
[155699,983769],[156475,988719],8.38909
[155929,982793],[156705,987772],8.39137
[158731,981462],[159129,987026],8.41085
[158819,980134],[159209,985696],8.41185
[160379,978886],[160432,984517],8.42399
[162301,978134],[162346,982789],8.43647
[164098,976084],[164143,980739],8.45217
[164328,973957],[164381,979456],8.45488
[166020,969569],[166375,975236],8.46672
[166250,968918],[166605,974289],8.46952
[169064,967017],[169109,972213],8.4859
[170279,966307],[170324,971370],8.49648
[172540,964953],[173316,969901],8.50865
[175660,960972],[176057,966546],8.5266
[179366,959190],[179763,964513],8.55379
[180581,958536],[180978,963670],8.56329
[182601,956846],[182646,962147],8.58004
[183816,954512],[184873,960042],8.58862
[187049,952794],[187895,958125],8.60914
[187279,951847],[188133,956842],8.611
[189749,949999],[190489,955269],8.63118
[191700,949188],[191820,954613],8.6425
[192739,948300],[192987,953747],8.65184
[195475,945576],[196215,950777],8.67253
[196690,944862],[197430,949934],8.68052
[198740,944039],[198785,948924],8.69499
[199680,943001],[199928,948412],8.70238
[202675,939755],[202720,944878],8.71937
[202905,938808],[202950,943931],8.72139
[204120,937876],[204165,943088],8.73074
[206611,934914],[207394,940340],8.74237
[209271,934480],[209668,939211],8.75602
[209501,933529],[209898,938264],8.75762
[211061,932525],[211106,937753],8.76764
[211170,932168],[211927,937304],8.76848
[212452,931165],[213142,936461],8.77579
[214422,930257],[214819,935388],8.78836
[217657,926122],[218721,931428],8.8099
[219884,925175],[219937,930581],8.82314
[220967,923706],[220967,929045],8.82991
[221197,922759],[221197,928098],8.83193
[223471,921320],[224686,926126],8.84534
[223701,919840],[224916,925179],8.84808
[227908,918480],[227908,923710],8.86424
[228138,917422],[228138,922763],8.86613
[229100,916380],[229768,921201],8.87141
[229330,915588],[229998,920254],8.87303
[230545,914481],[231213,919411],8.88053
[235696,910983],[236709,915866],8.89841
[235926,909917],[236939,914919],8.89996
[237141,908948],[238154,914076],8.9069
[241249,907750],[242275,912764],8.91892
[241497,907445],[242165,912406],8.92108
[241727,906498],[242395,911459],8.92315
[242633,905512],[243866,909921],8.92943
[245011,903063],[246436,908068],8.94245
[248093,902110],[249106,907071],8.95609
[248323,901163],[249336,906124],8.95754
[248907,899965],[249933,905100],8.96103
[249137,899018],[250163,904153],8.96274
[250352,898576],[251378,903310],8.96902
[252065,897652],[252733,902300],8.97595
[254808,895522],[254808,900763],8.98396
[255038,894873],[255038,899816],8.9853
[255846,893667],[257104,898818],8.99044
[257216,893011],[258527,897844],8.99774
[257446,892064],[258757,896897],8.99926
[261749,890310],[261749,895428],9.0087
[261979,889363],[261979,894481],9.0101
[262941,887875],[263609,892919],9.01444
[263171,886928],[263839,891972],9.01561
[264386,885989],[265054,891129],9.02087
[267467,885646],[268639,890731],9.02796
[267697,884699],[268869,889784],9.02905
[268912,883785],[270084,888941],9.03453
[269537,882582],[270550,887584],9.03806
[269767,881635],[270780,886637],9.03946
[270982,880846],[271995,885794],9.04479
[274293,879447],[275810,884449],9.05273
[276012,878522],[277025,883606],9.05927
[276244,877749],[277477,882586],9.06097
[276474,876802],[277707,881639],9.06258
[277923,876084],[278591,881063],9.06815
[280688,875137],[281701,880167],9.07448
[281014,874870],[281463,879387],9.07736
[282723,872080],[283774,876818],9.08431
[282953,870906],[284004,875871],9.08602
[287504,868663],[289034,873683],9.09787
[289223,867820],[290249,872840],9.10284
[289457,866723],[290715,871483],9.10432
[289687,865776],[290945,870536],9.10606
[291134,864958],[292160,869693],9.11081
[293899,864621],[294925,869401],9.11634
[294717,863760],[295975,868348],9.12007
[297426,861712],[297627,866508],9.12499
[298702,859868],[299983,864518],9.12939
[303303,857200],[304536,861889],9.13745
[305068,854760],[306049,859701],9.14158
[305298,854201],[306279,858754],9.14245
[309517,852347],[310603,857068],9.14656
[309747,851400],[310833,856121],9.14741
[311022,850677],[312048,855278],9.15097
[311977,850034],[312645,854970],9.15365
[312207,849278],[312875,854023],9.1546
[314358,848417],[315026,853074],9.15817
[314588,847517],[315256,852127],9.15898
[316733,846982],[317905,851835],9.16252
[318279,845081],[319305,849943],9.16516
[318509,844080],[319535,848996],9.16597
[321409,843800],[322581,848396],9.17014
[324456,841800],[324775,846628],9.17361
[325188,839063],[326214,843600],9.1756
[325418,838524],[326444,842653],9.17637
[329944,835825],[331474,840465],9.18117
[332348,834708],[333697,839067],9.18426
[341520,826647],[342188,830188],9.18973
[347831,823379],[347831,827421],9.1943
[352725,819358],[353393,823614],9.19824
[354047,818411],[356035,822948],9.19992
[354277,817872],[356265,822001],9.20045
[359149,815300],[359817,819860],9.20483
[361939,815003],[363288,819362],9.20646
[362169,814056],[363518,818415],9.20697
[371111,805782],[371779,810483],9.20978
[371341,804490],[372622,808957],9.21028
[377999,804240],[378667,808557],9.21199
[378020,799823],[378688,804140],9.21206
[378250,798876],[378918,803193],9.21253
[413887,795413],[415483,800018],9.21515
[430482,794412],[431150,798973],9.21635
[462139,793911],[463735,798515],9.21789
[462369,792964],[463965,797568],9.21791
[466119,791538],[467715,795798],9.218
[478505,790976],[480101,794604],9.21836
[558769,788918],[560989,793495],9.2197
[558999,788083],[561219,792548],9.21972
[575052,786268],[576344,790843],9.21997
[575282,785321],[576574,789896],9.22
[587438,785074],[588730,789649],9.22039
[608743,784801],[610963,788648],9.22122
[610919,782256],[613139,786721],9.22199
[611149,781309],[613369,785774],9.22203
[623305,781062],[625525,785527],9.22291
[629361,779912],[631519,783842],9.22334
[632918,778022],[635076,781356],9.22373
[641199,773766],[643357,777841],9.22431
[645560,771003],[645560,775223],9.22448
[647877,768399],[650035,772829],9.22472
[648107,767452],[650265,771882],9.2248
[685234,764578],[686830,768707],9.22518
[685464,763869],[687060,767760],9.22525
[737466,760678],[739062,764487],9.22542
[827710,757804],[832336,762184],9.22555
[844909,757105],[847691,759532],9.22557
[879860,752983],[884486,755410],9.22559
[62767,1367810],[62767,1372776],9.58223
[62774,1366667],[62810,1371633],9.5823
[62795,1362250],[62831,1367216],9.58257
[63025,1361303],[63061,1366269],9.58534
[65511,1338966],[65546,1344112],9.63658
[67463,1338042],[67463,1343151],9.67282
[70272,1335568],[70272,1340757],9.73046
[71821,1334230],[71857,1338962],9.76949
[75092,1332304],[75127,1337161],9.84356
[75322,1331353],[75357,1336214],9.85099
[76885,1330718],[76920,1335489],9.89218
[80261,1330183],[80296,1334847],9.96155
[82615,1329340],[82615,1334105],10.0229
[83666,1328754],[83666,1333804],10.0508
[83896,1327960],[83896,1332857],10.0567
[84962,1326790],[84997,1331955],10.0903
[86147,1326552],[86182,1330994],10.1457
[87326,1325110],[87394,1329943],10.2048
[88947,1324157],[88947,1328941],10.2611
[91095,1323601],[91095,1327981],10.3173
[91325,1322654],[91325,1327034],10.3265
[92539,1321769],[92539,1326149],10.3892
[94492,1278995],[94841,1283558],10.4652
[94800,1276102],[95149,1280427],10.4788
[95030,1275155],[95379,1279480],10.4897
[95429,1257854],[95778,1262534],10.5105
[95659,1256907],[96008,1261587],10.5212
[95993,1256276],[96195,1260956],10.5365
[96223,1255260],[96425,1260009],10.5467
[97585,1253556],[97831,1258081],10.5981
[97815,1252609],[98061,1257134],10.6072
[98615,1252023],[98845,1256729],10.6399
[99237,1251723],[99348,1256380],10.6716
[99919,1251119],[100149,1255903],10.7004
[100848,1250036],[101231,1254733],10.7352
[101799,1244888],[102148,1249568],10.7757
[102029,1243941],[102378,1248621],10.7856
[102593,1242613],[102795,1247046],10.8092
[104266,1240779],[104492,1245550],10.857
[105976,1239386],[105977,1244177],10.9068
[106585,1239169],[106927,1243556],10.9248
[106815,1238222],[107157,1242609],10.9322
[108202,1237572],[108544,1241998],10.9747
[108428,1236721],[108770,1241526],10.9843
[108994,1235983],[108994,1240401],11.0075
[109651,1233059],[109853,1237672],11.0315
[109881,1232112],[110083,1236725],11.0407
[111758,1231369],[111960,1235461],11.0997
[111988,1230422],[112190,1234514],11.1076
[114659,1228814],[114868,1232855],11.1772
[114889,1227867],[115098,1231908],11.1835
[115736,1075346],[115819,1079179],11.2061
[115800,1069299],[116239,1072434],11.208
[116561,1064048],[116870,1067239],11.2346
[118593,1060783],[118847,1064356],11.2648
[118823,1059371],[119077,1063409],11.2696
[120148,1047422],[120151,1051116],11.2837
[120169,1041723],[120604,1043838],11.2841
[120689,1039649],[120695,1043420],11.2939
[120919,1038702],[120925,1042473],11.2986
[143329,1001945],[143329,1005583],11.4388
[145796,999755],[145796,1003496],11.4573
[146026,998808],[146026,1002549],11.4604
[151993,988293],[152045,991646],11.5077
[155699,985696],[156040,989413],11.5355
[155929,984857],[156270,988466],11.5381
[158589,982789],[158986,986311],11.5582
[158819,981986],[159216,985364],11.561
[162301,979353],[162353,982457],11.5817
[162531,978406],[162583,981510],11.5841
[166020,971370],[166383,974900],11.6153
[168834,969184],[168886,972828],11.6322
[169064,968918],[169116,971881],11.6354
[172540,968093],[172592,970795],11.6536
[175660,964006],[175704,967486],11.6741
[177265,963418],[177265,966035],11.6837
[179366,962147],[179756,964845],11.6986
[182371,959479],[182423,962762],11.7212
[182601,958125],[182654,961811],11.7234
[187770,953747],[188125,957178],11.7481
[190497,951358],[190637,954766],11.7643
[193792,949932],[194195,953236],11.7892
[196950,946767],[197348,950378],11.8052
[197180,945820],[197578,949431],11.8079
[199861,943088],[200224,946618],11.8206
[200091,942756],[200446,946007],11.8228
[202675,940983],[202728,944542],11.8353
[202905,940036],[202958,943595],11.8373
[206163,939109],[206433,942513],11.8506
[206393,938162],[206663,941566],11.8528
[209271,936507],[209315,940151],11.8664
[209501,935388],[209899,938260],11.8682
[214475,932151],[214812,935720],11.8907
[215588,931367],[215641,934935],11.9004
[216212,931204],[216265,934476],11.9061
[223025,923442],[223472,926965],11.9304
[223255,922495],[223702,926018],11.9327
[226744,919977],[227264,923277],11.9447
[226974,919187],[227494,922330],11.9467
[230780,915866],[231214,919407],11.9613
[233378,914794],[234205,917942],11.9717
[233608,913847],[234435,916995],11.9737
[235901,912406],[236594,915523],11.9831
[237721,910987],[238155,914072],11.9931
[239371,910253],[239891,913535],12.0007
[240040,909566],[240680,913008],12.0062
[243177,907342],[243611,910612],12.0235
[244317,906020],[245081,909078],12.0306
[245329,904941],[245763,908079],12.0386
[248068,904153],[248761,907675],12.0495
[248264,902743],[248784,906166],12.052
[248494,901985],[249014,905219],12.0544
[249730,900693],[250164,904149],12.0627
[250945,899816],[251379,903306],12.0698
[252268,898818],[252734,902296],12.0785
[253483,898768],[253919,901901],12.0873
[256671,895428],[257105,898814],12.1002
[256866,895275],[257313,898683],12.1025
[257096,894328],[257543,897736],12.1049
[260424,893531],[260858,896808],12.1165
[260585,891832],[261105,894995],12.1185
[260815,890731],[261335,894048],12.1231
[264621,887775],[265055,891125],12.1351
[266849,887584],[267283,890968],12.1432
[267219,886462],[268046,889660],12.1461
[267449,885515],[268276,888713],12.1481
[269512,884958],[270205,888188],12.1559
[269742,884011],[270435,887241],12.1575
[271562,882516],[271996,885790],12.1655
[273598,881063],[274032,884498],12.1729
[275605,880846],[276039,884168],12.1799
[276088,880547],[277026,883602],12.1848
[278158,877663],[278922,880796],12.1927
[279170,876659],[279604,879797],12.1983
[280539,875871],[280973,879163],12.204
[283341,873683],[283775,876814],12.2142
[283571,872840],[284005,875867],12.2162
[284786,871784],[285220,875024],12.2227
[286109,871271],[286545,874462],12.2283
[287324,870406],[287760,873619],12.2339
[289816,869572],[290250,872836],12.2411
[290282,868291],[290716,871479],12.244
[290512,867344],[290946,870532],12.2456
[291727,866394],[292161,869689],12.2516
[293050,866068],[293484,869369],12.2579
[293295,865905],[294106,869181],12.26
[293525,864958],[294336,868234],12.2619
[295118,864444],[295552,867387],12.2688
[297225,863611],[297626,866512],12.2747
[300130,860605],[300130,863778],12.2813
[300360,859658],[300360,862831],12.2829
[302059,858754],[302493,862052],12.289
[304886,857544],[305390,860643],12.2953
[305616,854970],[306427,858010],12.2982
[305846,854023],[306657,857063],12.2993
[307439,853074],[307873,856216],12.304
[310372,852725],[311183,855885],12.3091
[310876,851764],[311687,854875],12.3125
[312935,849802],[313368,852675],12.3175
[313165,848608],[313598,851728],12.3186
[314380,847675],[314814,850881],12.3227
[317171,847565],[318398,850487],12.3267
[317401,846618],[318628,849540],12.3277
[320586,844826],[321813,847921],12.3362
[321380,844333],[321814,847526],12.339
[321610,843386],[322044,846579],12.3401
[322077,842989],[323304,846101],12.343
[323730,842434],[324957,845636],12.3472
[324086,842046],[324520,845254],12.3498
[326011,840314],[326445,842649],12.3571
[328549,838588],[328983,841486],12.3619
[330537,837216],[331475,840461],12.3667
[332823,835655],[333256,838260],12.3701
[333053,834133],[333486,837313],12.371
[335892,833160],[335892,835952],12.374
[337260,832564],[337694,835564],12.376
[338450,831437],[338851,834137],12.3816
[346281,825332],[347219,827996],12.3913
[348434,821995],[348868,824788],12.3943
[348664,821048],[349098,823841],12.3952
[355832,819362],[356266,821997],12.4004
[356375,818214],[356809,821044],12.4027
[358028,817749],[358462,820579],12.4058
[359384,816951],[359818,819856],12.4086
[362644,815003],[363077,817608],12.4113
[362874,814056],[363307,816661],12.412
[368041,811732],[368442,814432],12.4151
[368271,810483],[368672,813485],12.4158
[371346,808302],[371780,810479],12.418
[414122,797103],[415484,800014],12.4256
[414352,796156],[415714,799067],12.4262
[462374,795600],[463736,798511],12.4284
[462604,794604],[463966,797564],12.4285
[466354,792883],[467716,795794],12.4286
[466584,791936],[467946,794847],12.4286
[478740,791689],[480102,794600],12.4291
[559004,790580],[560990,793491],12.4309
[559234,789633],[561220,792544],12.4309
[575287,788073],[576345,790839],12.4312
[575517,787126],[576575,789892],12.4312
[608748,786626],[610734,789591],12.4327
[608978,785679],[610964,788644],12.4328
[611154,783806],[613140,786717],12.4329
[611384,782859],[613370,785770],12.4329
[621752,781356],[622278,784381],12.4342
[621982,780409],[622508,783434],12.4343
[634643,778656],[635077,781352],12.435
[634873,777625],[635307,780405],12.4351
[639136,776833],[641161,779231],12.4356
[642693,774926],[644718,776745],12.436
[685699,765333],[687061,767756],12.4373
[733951,763830],[735313,766253],12.4375
[737701,761625],[739063,764483],12.4376
[737931,761113],[739293,763536],12.4376
[830351,759532],[832337,762180],12.4378
[830581,758585],[832567,761233],12.4378
[846634,757105],[847692,759528],12.4378
[846864,756158],[847922,758581],12.4378
[880325,754463],[882311,757333],12.4379
[882501,752983],[884487,755406],12.4379
[882731,752036],[884717,754459],12.4379
[63369,1360159],[63479,1362817],12.9878
[63495,1356883],[63652,1360158],12.9956
[65281,1342277],[65317,1345055],13.0457
[67234,1340085],[67268,1343444],13.0843
[73543,1335489],[73544,1338948],13.2122
[73773,1334662],[73774,1338001],13.2207
[75322,1333444],[75323,1336864],13.2681
[81104,1331772],[81104,1334772],13.386
[82652,1330365],[82653,1333635],13.44
[84962,1328568],[84998,1331951],13.5178
[85775,1327981],[85789,1331413],13.5581
[86511,1327554],[86547,1330814],13.5957
[87414,1326774],[87414,1329626],13.6397
[88608,1325936],[88608,1329058],13.6815
[88963,1325110],[88963,1328489],13.6981
[90488,1324512],[90488,1327675],13.7623
[91665,1323677],[91733,1326546],13.8113
[94722,1279724],[94857,1283041],13.9058
[94800,1277485],[94972,1280667],13.9132
[95030,1276538],[95202,1279720],13.9266
[95174,1275926],[95309,1279180],13.9382
[95248,1273381],[95490,1275960],13.946
[95277,1266429],[95499,1268528],13.9501
[95576,1258879],[95794,1262017],13.9742
[96333,1257134],[96426,1260005],14.0182
[97079,1255260],[97143,1258072],14.0511
[97925,1254592],[97925,1257675],14.0868
[98939,1253556],[98975,1256662],14.1373
[99456,1253042],[99456,1256135],14.1662
[100713,1252023],[100932,1255165],14.2254
[101788,1247046],[101934,1250001],14.2729
[102473,1245124],[102570,1247516],14.3069
[102703,1244177],[102704,1247288],14.3186
[104440,1241998],[104497,1245071],14.3838
[104722,1241526],[104722,1244603],14.3959
[106109,1241048],[106110,1243988],14.4428
[108543,1239087],[108543,1242002],14.5128
[108686,1238519],[108765,1241344],14.5198
[108916,1237572],[108995,1240397],14.5303
[109188,1236725],[109222,1239680],14.5441
[109418,1235983],[109452,1238733],14.5546
[111470,1232855],[111568,1235354],14.6114
[113348,1231500],[113458,1233658],14.6612
[114845,1230157],[114869,1232851],14.7026
[115075,1229210],[115099,1231904],14.7104
[116627,1067131],[116675,1069295],14.7621
[116800,1064356],[116924,1067099],14.7685
[118717,1063409],[118810,1064847],14.8123
[120169,1046243],[120172,1046699],14.8333
[120527,1042289],[120571,1044371],14.8422
[120919,1040380],[120919,1042581],14.856
[124650,1039582],[124735,1041186],14.8882
[136284,1018246],[136285,1020200],14.9656
[151993,989413],[152046,991642],15.1131
[153491,987436],[153491,989852],15.1323
[155930,986311],[155981,988666],15.1568
[158590,984923],[158642,986911],15.1792
[158820,983976],[158872,985964],15.1825
[162531,979434],[162584,981506],15.2079
[165999,972828],[166374,975240],15.2466
[170331,968954],[170331,971038],15.2826
[172814,967486],[172823,969844],15.2983
[175660,964685],[176050,966878],15.3188
[178957,962762],[179010,965158],15.3486
[181461,961170],[181505,963422],15.3677
[183869,958784],[183869,960968],15.3937
[186088,957178],[186088,959199],15.4145
[187770,954766],[188124,957182],15.4282
[190354,953684],[190406,955717],15.4472
[190584,952737],[190636,954770],15.4505
[194202,951358],[194202,952904],15.4836
[198416,947081],[198448,949192],15.515
[199861,944542],[200215,946958],15.5267
[202675,942443],[202727,944546],15.5449
[202905,941496],[202957,943599],15.5474
[204172,940336],[204173,942752],15.5555
[206425,940151],[206434,942509],15.5631
[206655,939344],[206664,941562],15.5657
[209271,937172],[209661,939543],15.5826
[209501,936225],[209891,938596],15.5848
[210769,935720],[210769,938021],15.5947
[212919,934720],[212919,937076],15.61
[213149,933773],[213149,936129],15.6122
[215589,932955],[215632,935275],15.6248
[216212,932371],[216264,934480],15.6307
[216442,931501],[216486,933869],15.6333
[219929,928730],[219929,930917],15.6558
[227407,920221],[227495,922326],15.6904
[233594,916995],[233595,919299],15.7114
[233773,915718],[234206,917938],15.7141
[234003,914771],[234436,916991],15.7169
[236595,913008],[236940,914915],15.7291
[242717,908907],[242717,910987],15.7631
[243060,907911],[243536,910184],15.7689
[244751,907342],[244751,909341],15.78
[245494,906020],[245762,908083],15.7916
[246709,905219],[246977,907240],15.8027
[248697,903872],[248785,906162],15.8134
[248927,903063],[249015,905215],15.8158
[252435,900489],[252704,902744],15.8322
[253650,899724],[253918,901905],15.8415
[257299,896808],[257312,898687],15.8559
[266519,888863],[266519,891113],15.8908
[267014,888713],[267282,890972],15.896
[267614,887404],[268047,889656],15.903
[267844,886457],[268277,888709],15.9054
[272125,883584],[272817,885341],15.9239
[276671,880707],[277147,882849],15.941
[276901,879760],[277377,881902],15.9427
[278592,878875],[278592,881059],15.9503
[279105,878610],[279373,880748],15.954
[279335,877663],[279603,879801],15.9558
[280550,876802],[280818,878958],15.9629
[286276,872346],[286544,874466],15.9821
[287491,871359],[287759,873623],15.9888
[293483,867314],[293483,869373],16.0067
[297928,864274],[297946,866378],16.0169
[299142,863735],[299160,865539],16.023
[301575,859944],[301576,861984],16.032
[304567,858977],[304886,861047],16.0395
[305736,855822],[306428,858006],16.0444
[305966,854875],[306658,857059],16.0457
[310492,853714],[311184,855881],16.0535
[312646,850487],[313369,852671],16.0583
[312876,849540],[313599,851724],16.0595
[317401,848414],[318125,850546],16.0659
[319536,846579],[319844,848693],16.0707
[321545,845421],[321813,847530],16.0749
[321775,844474],[322043,846583],16.0761
[328404,839536],[328982,841490],16.0841
[333426,835564],[333487,837309],16.0899
[336776,832849],[336777,835012],16.0951
[340155,832384],[340155,834111],16.0989
[340385,831131],[340385,833164],16.1
[353897,820579],[353898,822600],16.1188
[354127,819825],[354128,821653],16.1201
[357082,818981],[357083,820981],16.1239
[357312,817979],[357313,820034],16.1248
[358965,817608],[358966,819569],16.1282
[360321,816947],[360322,818846],16.1314
[363247,815010],[363308,816657],16.135
[367659,812643],[368271,814431],16.1391
[372009,808553],[372010,809532],16.1442
[372621,807355],[372621,808961],16.146
[414785,797512],[415713,799071],16.1534
[467945,793491],[467945,794851],16.1562
[559667,791689],[560613,793365],16.1586
[611587,785770],[612533,787538],16.161
[611817,785212],[612763,786591],16.161
[617220,783298],[617356,785148],16.1624
[622185,782523],[622314,784361],16.1635
[622415,781576],[622544,783414],16.1636
[624048,780664],[624142,782543],16.1642
[624278,779717],[624372,781596],16.1643
[641772,776170],[643358,777837],16.1654
[642512,775798],[643969,777646],16.1659
[645559,773074],[646016,774972],16.1669
[647839,771882],[647840,773835],16.1673
[648069,771003],[648070,772888],16.1675
[651626,768431],[651627,770402],16.1679
[651856,767484],[651857,769455],16.168
[686831,767447],[686831,768703],16.1687
[687493,764483],[688422,766280],16.169
[687723,763536],[688652,765333],16.1691
[704088,763264],[704089,765235],16.1693
[716244,763017],[716245,764988],16.1694
[735975,762180],[736904,763830],16.1695
[739955,759528],[740884,761113],16.1695
[832605,758581],[833552,759627],16.1697
[848658,755406],[849283,757105],16.1697
[848888,754459],[849513,756158],16.1697
[884525,752983],[885472,753800],16.1698
[896911,751789],[897858,752606],16.1698
[62795,1366269],[62795,1367874],16.8446
[63176,1361672],[63176,1363895],16.8526
[63369,1360725],[63406,1362948],16.8595
[63636,1349924],[63703,1351756],16.873
[65511,1342493],[65511,1344766],16.9167
[68682,1339620],[68682,1341890],16.9713
[71626,1338001],[71627,1339909],17.0353
[73481,1336745],[73543,1338952],17.0753
[75322,1334662],[75322,1336868],17.1382
[81250,1332407],[81250,1334682],17.262
[82652,1331413],[82652,1333639],17.3067
[83793,1331075],[83828,1333224],17.3496
[84386,1330310],[84386,1332460],17.3807
[85675,1329379],[85776,1331474],17.4403
[86011,1328466],[86011,1330673],17.463
[87560,1327489],[87560,1329536],17.5309
[90108,1326546],[90142,1328461],17.6198
[90453,1325977],[90487,1327679],17.6428
[90793,1325110],[90895,1327191],17.6681
[92073,1324161],[92108,1326310],17.7469
[92947,1323677],[92947,1325661],17.8121
[94428,1288099],[94556,1290031],17.8872
[94722,1281592],[94856,1283045],17.9004
[94800,1279180],[94935,1280857],17.9072
[95030,1278235],[95165,1279910],17.9234
[95212,1276559],[95347,1278596],17.9409
[95379,1265988],[95536,1267864],17.9683
[95400,1261571],[95557,1263447],17.9703
[95630,1260624],[95787,1262500],17.992
[96174,1258414],[96262,1260430],18.0354
[97142,1255987],[97142,1258076],18.0889
[97926,1255661],[97926,1257671],18.1296
[98976,1254592],[98976,1256658],18.1805
[100933,1253075],[101089,1255143],18.2818
[101336,1252609],[101336,1254588],18.3126
[102029,1247288],[102163,1249058],18.368
[102544,1245486],[102632,1247467],18.4039
[104496,1243650],[104590,1244788],18.4802
[107073,1241344],[107073,1243145],18.5666
[108764,1239247],[108764,1241348],18.6324
[109141,1237942],[109141,1239986],18.6564
[109418,1236721],[109451,1238737],18.6728
[109602,1236112],[109690,1238093],18.6847
[109832,1235165],[109920,1237146],18.6989
[111470,1233658],[111475,1235637],18.7487
[111939,1232851],[112027,1234935],18.7653
[114617,1231589],[114705,1233276],18.8545
[114847,1230642],[114935,1232329],18.8628
[116195,1069786],[116364,1071479],18.9056
[116721,1065798],[116869,1067243],18.9292
[116951,1064847],[117065,1066562],18.9393
[118892,1062614],[118985,1064044],18.9803
[120169,1046699],[120171,1046703],18.9979
[124420,1040529],[124505,1042133],19.0454
[124650,1039582],[124734,1041190],19.0492
[128597,1027243],[128628,1027247],19.0699
[135799,1019374],[135799,1020965],19.1252
[151993,990699],[152037,991982],19.2635
[152223,989852],[152276,990695],19.2673
[153490,988462],[153490,989856],19.2827
[155929,987026],[155982,988662],19.3066
[158590,985259],[158641,986915],19.3326
[158820,984312],[158871,985968],19.3363
[162116,982789],[162169,983976],19.362
[165087,978587],[165087,979434],19.3938
[172584,969184],[172593,970791],19.4446
[175430,966445],[175483,968093],19.4676
[175660,965498],[175713,967146],19.4709
[177264,964685],[177264,966039],19.4864
[179411,963637],[179418,965117],19.5037
[181099,963310],[181099,964829],19.5182
[181513,961815],[181513,963086],19.5245
[184872,958253],[184881,959706],19.5555
[188806,955179],[189052,956723],19.5853
[189036,954512],[189274,956112],19.5885
[190488,953854],[190488,955273],19.602
[192988,951982],[193036,953532],19.6237
[195066,949999],[195073,951511],19.6405
[195977,949188],[196214,950781],19.6509
[197180,948412],[197233,950035],19.6632
[197438,948300],[197577,949435],19.6661
[198784,947574],[198784,948928],19.6767
[202675,943599],[202719,944882],19.7072
[202905,942509],[202949,943935],19.7102
[206392,940340],[206655,941902],19.7285
[207395,939204],[207395,940336],19.7363
[209271,938246],[209324,939811],19.7482
[209501,937299],[209554,938864],19.7512
[211935,935384],[211935,936968],19.7715
[213150,934623],[213150,936125],19.7799
[215633,933709],[215633,935271],19.7937
[215640,933529],[215640,934939],19.7938
[217701,931501],[217710,932686],19.8071
[226192,923499],[226193,924935],19.8608
[242166,910987],[242166,912402],19.9375
[243171,908907],[243535,910188],19.9504
[244750,907911],[244750,909345],19.9604
[251518,901905],[251519,903139],20.0031
[257542,896716],[257542,897740],20.0306
[260033,895281],[260034,896653],20.0426
[261105,893470],[261106,894991],20.0485
[263840,890477],[263840,891968],20.0575
[270436,885341],[270781,886633],20.0848
[274031,883003],[274031,884502],20.1035
[276782,881625],[277146,882853],20.1122
[277012,880748],[277376,881906],20.1141
[286542,873284],[286543,874704],20.1516
[289254,871784],[289255,873155],20.1624
[293959,867265],[294337,868230],20.1799
[297554,864958],[297945,866382],20.1946
[301575,860676],[301575,861988],20.2117
[302708,860204],[302709,861583],20.218
[307872,855202],[307872,856220],20.2382
[311079,854405],[311458,855818],20.2442
[311309,853458],[311688,854871],20.2456
[314813,849528],[314813,850885],20.2541
[319339,847300],[319843,848697],20.2627
[324015,844018],[324519,845258],20.2705
[325668,843553],[326172,844793],20.2759
[328404,840780],[328405,842234],20.2821
[330479,839503],[330479,840784],20.2874
[332425,838260],[332828,839536],20.2926
[334701,835658],[334702,836466],20.298
[336776,834111],[336776,835016],20.303
[339994,831989],[340386,833160],20.3084
[344516,827996],[344919,829312],20.3177
[344746,827068],[345149,828365],20.3188
[348867,823614],[348867,824792],20.3224
[349097,822600],[349097,823845],20.3227
[358299,818214],[358300,819224],20.3384
[359952,817749],[359953,818759],20.3424
[361308,816657],[361309,818036],20.3462
[364522,814431],[364523,815814],20.3514
[368060,813455],[368061,814056],20.3555
[369815,811780],[370206,812512],20.3591
[374337,808203],[374740,808660],20.3639
[374567,807256],[374970,807713],20.3648
[378919,802131],[378919,803189],20.3673
[612442,785742],[612764,786587],20.3788
[617228,784361],[617355,785152],20.3801
[639951,779222],[640930,780182],20.3836
[640181,778405],[641160,779235],20.3838
[643718,776507],[644043,777577],20.3848
[643738,775481],[644719,776361],20.3849
[643968,774972],[644947,775802],20.3851
[650266,771101],[650266,771878],20.3871
[684864,767484],[684865,768766],20.3883
[688421,764988],[688421,766284],20.3888
[688651,764107],[688651,765337],20.389
[716244,763830],[716244,764992],20.3893
[736903,762743],[736903,763834],20.3894
[833533,758585],[834157,758814],20.3897
[884716,752606],[885702,752853],20.3898
[63248,1362250],[63248,1363768],21.1644
[63369,1361729],[63369,1363138],21.1708
[63478,1361303],[63478,1362821],21.177
[63513,1360347],[63551,1361824],21.1822
[63587,1359099],[63658,1359846],21.1896
[65316,1344098],[65316,1345059],21.233
[67464,1341673],[67464,1343147],21.2636
[67498,1341050],[67498,1342497],21.2644
[73517,1336868],[73578,1338298],21.3915
[76885,1334047],[76921,1335485],21.4857
[80261,1333366],[80297,1334843],21.5678
[81214,1333220],[81249,1334686],21.6081
[83022,1332388],[83022,1333621],21.6611
[84350,1331175],[84385,1332464],21.7062
[85975,1329383],[86010,1330677],21.7704
[87524,1328012],[87559,1329540],21.8415
[88948,1327489],[88948,1328937],21.8928
[90396,1326913],[90453,1328329],21.9393
[91235,1325540],[91235,1327070],21.9726
[92109,1325114],[92109,1326306],22.0133
[92783,1324512],[92783,1325936],22.0479
[95131,1278596],[95201,1279724],22.1742
[95313,1277659],[95340,1279079],22.1941
[95379,1273684],[95489,1274024],22.2085
[95437,1267572],[95500,1268524],22.2192
[96008,1259635],[96031,1261069],22.2815
[96183,1259215],[96199,1260483],22.2993
[96413,1258341],[96429,1259536],22.3177
[98056,1256131],[98062,1257130],22.3914
[99785,1254588],[99785,1255969],22.4664
[100267,1254071],[100267,1255438],22.4969
[101190,1253600],[101190,1254999],22.5474
[101816,1249058],[101926,1250488],22.584
[102046,1248192],[102156,1249541],22.5983
[102401,1247081],[102401,1248106],22.6258
[102553,1246325],[102569,1247520],22.6387
[102783,1245378],[102799,1246573],22.6563
[104263,1244484],[104279,1245679],22.7285
[104396,1244159],[104412,1245490],22.7369
[107072,1241719],[107072,1243149],22.8454
[108782,1239986],[108782,1241308],22.908
[109418,1237942],[109445,1239216],22.9447
[109689,1236621],[109690,1237781],22.9621
[109841,1235920],[109858,1237195],22.9738
[110071,1234935],[110087,1236252],22.9908
[111551,1234037],[111567,1235358],23.0665
[111948,1233887],[111965,1234984],23.0934
[112178,1232711],[112194,1234041],23.1074
[113428,1232329],[113457,1233662],23.1654
[113658,1231431],[113687,1232715],23.1803
[115058,1230348],[115102,1231435],23.2407
[116195,1071479],[116273,1071897],23.2795
[116756,1066562],[116835,1067509],23.3029
[116961,1065798],[116967,1066967],23.3122
[117191,1064851],[117197,1066020],23.3193
[118593,1064044],[118719,1065265],23.3396
[118823,1063160],[118949,1064318],23.3482
[120756,1042133],[120835,1042887],23.3805
[124470,1040856],[124539,1041867],23.4133
[124700,1039909],[124769,1040920],23.4176
[131132,1024224],[131132,1025171],23.4497
[132565,1021994],[132565,1023123],23.4605
[134840,1020965],[134840,1021990],23.4713
[136617,1009356],[136695,1010307],23.4817
[139199,1007280],[139199,1008231],23.4977
[140644,1006437],[140644,1006441],23.5035
[143329,1004968],[143330,1005579],23.517
[145795,1002549],[145795,1003500],23.5353
[146025,1001706],[146025,1002553],23.5383
[155743,988662],[155751,989613],23.632
[156712,986915],[156712,987440],23.6445
[158819,985387],[158863,986304],23.6616
[160086,984312],[160087,985121],23.6766
[176927,965211],[176927,966307],23.8168
[179002,964829],[179009,965162],23.8301
[181461,962113],[181514,963082],23.8562
[186087,958190],[186096,958863],23.8977
[189044,955713],[189051,956727],23.9155
[191821,953240],[191851,953927],23.9319
[192988,952454],[193037,953528],23.9451
[194843,951392],[194843,952458],23.9557
[197180,948951],[197232,950039],23.9687
[198447,948274],[198447,949196],23.9805
[206400,941566],[206400,942599],24.031
[209271,938864],[209323,939815],24.0524
[209501,937968],[209553,938868],24.0554
[210768,936968],[210768,938025],24.0664
[219928,930257],[219936,930585],24.1127
[223701,925175],[223701,926022],24.129
[229768,920808],[229769,921197],24.1557
[233594,918344],[233594,919303],24.1646
[234003,917938],[234041,918632],24.1691
[237809,913851],[237810,914676],24.184
[239892,912768],[239892,913531],24.1919
[245208,907911],[245222,908907],24.2175
[251518,902296],[251518,903143],24.2429
[267734,889656],[267734,890270],24.3032
[270436,886394],[270436,887237],24.3121
[271650,885515],[271650,886398],24.3175
[272816,884486],[272816,885345],24.3254
[280819,878385],[280819,878954],24.3518
[283621,877338],[283647,878175],24.3591
[285219,874412],[285219,875028],24.3642
[286542,873759],[286542,874708],24.3685
[289254,872257],[289254,873159],24.3784
[297554,865535],[297555,866513],24.4073
[298769,864807],[298769,865674],24.414
[299370,864444],[299370,865097],24.4191
[303923,859868],[303924,860740],24.4373
[305710,859472],[305710,860339],24.4445
[310864,854508],[310865,855405],24.4576
[312876,853458],[312876,854019],24.4643
[317578,849692],[317579,850589],24.4725
[329014,839978],[329293,840896],24.508
[339994,832432],[339995,833295],24.5327
[341958,831131],[341959,831131],24.5361
[342800,829312],[342801,829609],24.5376
[357312,819224],[357312,820038],24.5569
[358299,818562],[358299,819228],24.5596
[358803,817607],[358804,818214],24.5633
[360456,816947],[360457,817749],24.5682
[374567,807256],[374969,807717],24.5884
[414785,802198],[414786,802586],24.5964
[575738,790839],[575738,791660],24.6033
[575968,789892],[575969,790709],24.6034
[624344,781588],[624371,781600],24.6081
[643718,776571],[644120,777416],24.6117
[647275,773835],[647839,773839],24.6133
[647505,772888],[648069,772892],24.6134
[651856,768766],[651856,769459],24.6138
[882520,754910],[882521,755469],24.6147
[885701,752036],[886307,752040],24.6147
[63039,1366269],[63060,1366273],25.4159
[63637,1356737],[63664,1357427],25.4483
[63652,1351756],[63668,1352410],25.4496
[63665,1351263],[63704,1351752],25.4505
[73774,1337157],[73808,1337351],25.6394
[82614,1333220],[82614,1334109],25.8494
[83489,1332388],[83489,1333341],25.8948
[85675,1330837],[85711,1331805],25.9663
[87327,1329379],[87327,1330306],26.0482
[88607,1328329],[88607,1329062],26.0892
[88962,1327489],[88962,1328493],26.0975
[90894,1326185],[90894,1327195],26.1637
[91701,1325540],[91732,1326550],26.2027
[92782,1325114],[92782,1325940],26.2331
[93286,1324633],[93286,1325587],26.2475
[94204,1324512],[94205,1324645],26.2855
[94529,1288405],[94598,1288892],26.303
[94593,1283045],[94627,1283988],26.3062
[95116,1279079],[95173,1279905],26.3534
[95234,1278596],[95279,1279541],26.3706
[95396,1273463],[95462,1274160],26.4028
[95437,1268220],[95492,1269011],26.4103
[95439,1267077],[95509,1268000],26.4107
[95460,1262660],[95530,1263583],26.4134
[95690,1261713],[95760,1262636],26.4434
[95826,1260974],[95871,1261838],26.4614
[95975,1260857],[96008,1261584],26.4788
[96056,1260027],[96101,1260891],26.4875
[97889,1257002],[97889,1257835],26.6091
[98537,1256425],[98537,1257077],26.6508
[98871,1255661],[98871,1256441],26.6786
[99457,1255430],[99457,1256131],26.7177
[99835,1254795],[99835,1255736],26.7453
[101675,1253557],[101675,1254471],26.8415
[101832,1249705],[101900,1250620],26.8549
[102062,1248758],[102130,1249673],26.877
[102196,1247993],[102241,1248875],26.8917
[102426,1247081],[102471,1247928],26.9164
[104723,1243689],[104723,1244599],27.0291
[109403,1237781],[109459,1238732],27.2004
[109484,1237708],[109529,1238554],27.2099
[109633,1237195],[109689,1237785],27.223
[109714,1236721],[109759,1237607],27.23
[111470,1235239],[111470,1236116],27.3116
[111697,1234984],[111701,1235165],27.3255
[113520,1232711],[113581,1233430],27.3965
[113674,1232329],[113674,1233147],27.4039
[115802,1074377],[115841,1074758],27.4816
[116032,1073811],[116070,1073815],27.4874
[116240,1071483],[116274,1071893],27.4925
[116588,1068829],[116631,1069431],27.5071
[117030,1066016],[117064,1066566],27.5286
[119015,1062693],[119078,1063405],27.5824
[120399,1045752],[120401,1045756],27.6091
[120918,1041867],[120924,1042477],27.6244
[124588,1041186],[124594,1041723],27.6599
[136864,1009356],[136925,1009360],27.7219
[149322,999853],[149323,1000561],27.7973
[158819,985562],[158864,986300],27.8783
[162301,982453],[162354,982453],27.911
[164142,980381],[164150,980407],27.9322
[166560,973953],[166612,973957],27.9566
[175704,966546],[175712,967150],28.0029
[177273,965113],[177273,965699],28.0244
[179755,964006],[179764,964509],28.0401
[190497,954259],[190497,954933],28.103
[198792,948029],[198792,948592],28.1642
[223471,926965],[223471,926969],28.2785
[237809,914072],[237809,914680],28.313
[253916,901510],[253917,902143],28.3819
[275988,883584],[276038,884172],28.4366
[276852,883070],[277023,883691],28.4467
[290387,872213],[290388,872754],28.4814
[295551,867351],[295551,867391],28.4902
[299371,864522],[299371,865093],28.5036
[303923,860122],[303923,860744],28.5152
[305711,859701],[305711,860335],28.5198
[310693,854852],[310864,855409],28.5284
[319536,848608],[319536,848992],28.5455
[329294,840314],[329294,840892],28.5588
[332827,839540],[332827,839540],28.5627
[334701,835952],[334701,836470],28.5685
[335891,835658],[335891,835956],28.5716
[338239,834107],[338240,834708],28.5777
[341342,832598],[341343,833050],28.5842
[344746,829312],[344747,829315],28.5909
[346700,827331],[346701,827908],28.5965
[353623,822600],[353624,822663],28.6017
[356808,820981],[356808,821048],28.6033
[358803,817749],[358803,818218],28.6071
[361812,816657],[361813,817026],28.6171
[364522,815300],[364522,815818],28.6201
[365712,815006],[365712,815304],28.6227
[367831,814431],[367831,815003],28.625
[369815,812512],[369815,812647],28.6264
[371163,811950],[371164,812398],28.6291
[372009,808957],[372009,809536],28.6311
[628310,780947],[628310,781523],28.6586
[640637,779798],[640922,780103],28.6603
[641901,777841],[642229,778405],28.6618
[644042,776745],[644492,777294],28.6636
[644717,775223],[644948,775418],28.6639
[740653,762060],[740654,762060],28.6662
[848676,757105],[849282,757109],28.6666
[848906,756158],[849512,756162],28.6666
[62766,1372291],[62774,1372291],29.3863
[63025,1366273],[63025,1366927],29.3879
[63627,1359249],[63651,1359253],29.4117
[63652,1351756],[63669,1352406],29.4133
[63930,1345245],[63962,1345903],29.4293
[65511,1344108],[65512,1344762],29.4556
[70307,1339909],[70307,1340103],29.513
[88540,1328913],[88540,1329425],29.9491
[90395,1327790],[90395,1328450],30.0085
[90827,1326934],[90827,1327558],30.0352
[91666,1326149],[91701,1326794],30.0798
[92946,1325231],[92946,1325665],30.1283
[94086,1324512],[94086,1325114],30.1762
[94529,1288730],[94572,1289024],30.1966
[95045,1279905],[95045,1280536],30.2517
[95212,1278370],[95251,1278997],30.2811
[95437,1269007],[95466,1269143],30.3277
[95501,1262964],[95531,1263579],30.3371
[95731,1262017],[95761,1262632],30.3703
[95841,1260479],[95880,1261104],30.3869
[96071,1259635],[96110,1260157],30.4142
[97079,1257951],[97080,1258524],30.4777
[97890,1257289],[97890,1257831],30.5214
[97940,1256807],[97953,1257379],30.5246
[100175,1254986],[100176,1255611],30.6626
[101878,1250069],[101901,1250616],30.7519
[102108,1249054],[102131,1249669],30.7714
[102211,1247516],[102250,1248138],30.7832
[102441,1246636],[102480,1247191],30.8061
[105893,1243988],[105893,1244592],30.9453
[106109,1243509],[106109,1243992],30.9588
[107303,1241591],[107303,1242198],31.0033
[109403,1238732],[109435,1239251],31.0832
[109499,1237199],[109538,1237817],31.0938
[109729,1236248],[109768,1236870],31.1127
[111209,1235371],[111248,1235976],31.1831
[111700,1234935],[111700,1235169],31.2114
[111836,1234362],[111875,1234659],31.2199
[113316,1233147],[113355,1233765],31.2818
[113675,1232711],[113688,1232711],31.2967
[114776,1231435],[114783,1232053],31.3378
[115736,1081242],[115775,1081242],31.3718
[115774,1079175],[115820,1079175],31.3726
[116195,1071893],[116240,1072430],31.3806
[116886,1066566],[116925,1067095],31.4099
[118639,1065518],[118668,1065821],31.4516
[118663,1064787],[118701,1065288],31.4523
[118785,1064208],[118813,1064622],31.4609
[118893,1063840],[118931,1064341],31.4673
[119015,1063160],[119043,1063675],31.4746
[120107,1051116],[120150,1051120],31.5006
[120570,1044371],[120570,1044375],31.506
[120604,1043528],[120605,1043834],31.5065
[124504,1041723],[124504,1042137],31.5446
[124588,1041256],[124595,1041719],31.5483
[124818,1040309],[124825,1040772],31.5541
[136284,1020200],[136284,1020204],31.6006
[147585,1001102],[147585,1001106],31.6439
[149719,992775],[149763,993111],31.6586
[164328,979460],[164380,979460],31.7615
[172814,969848],[172822,969848],31.8037
[199928,948029],[199929,948408],31.9299
[211113,937304],[211113,937421],31.9736
[234041,918349],[234042,918628],32.0223
[236364,916470],[236364,916470],32.025
[239466,913531],[239466,913847],32.0293
[241957,912402],[241957,912764],32.0324
[297554,866378],[297554,866517],32.1381
[305475,860025],[305476,860283],32.1546
[318124,850190],[318124,850550],32.1733
[339994,833160],[339994,833299],32.1968
[342800,829315],[342800,829613],32.2034
[345148,828369],[345148,828369],32.2044
[361812,816661],[361812,817030],32.2224
[368060,814060],[368060,814060],32.2298
[376521,807256],[376522,807256],32.2428
[575739,790713],[575968,790713],32.2567
[622278,783392],[622509,783430],32.2592
[635076,780409],[635306,780409],32.2601
[640597,779798],[640921,780107],32.2608
[641772,778405],[641772,778660],32.2612
[643718,777294],[644042,777581],32.2622
[647505,773797],[647829,774148],32.2632
[684864,768703],[684864,768770],32.2637
[740653,761117],[740883,761117],32.2638
[848676,757922],[848677,757922],32.264
[848906,756975],[848907,756975],32.264
[882520,755406],[882520,755473],32.264
[883901,754910],[883902,754910],32.2641
[62766,1372776],[62766,1372780],32.7837
[62830,1366927],[62830,1367220],32.784
[63512,1362408],[63512,1362412],32.7921
[69047,1341046],[69047,1341360],32.8603
[71821,1339616],[71821,1339620],32.8994
[83829,1332804],[83829,1333220],33.0522
[84235,1332388],[84236,1332736],33.0667
[85775,1331175],[85788,1331417],33.102
[90452,1327896],[90452,1328333],33.228
[92072,1326185],[92073,1326425],33.2872
[93285,1325114],[93287,1325540],33.3384
[94529,1290035],[94529,1290167],33.3815
[94593,1284607],[94593,1284607],33.3836
[94808,1283432],[94808,1283826],33.3937
[94901,1281340],[94902,1281472],33.3995
[95131,1280393],[95132,1280525],33.4171
[95243,1278600],[95251,1278994],33.4338
[95280,1278370],[95288,1278804],33.4379
[95424,1275710],[95449,1275986],33.4654
[95463,1269007],[95467,1269139],33.4741
[95482,1267868],[95510,1267996],33.4766
[95556,1262535],[95564,1262964],33.4859
[95745,1262504],[95745,1262802],33.5102
[95872,1260729],[95880,1261101],33.5263
[96102,1259782],[96110,1260154],33.5487
[97936,1257009],[97952,1257383],33.6303
[99025,1256150],[99025,1256429],33.6826
[100749,1254953],[100749,1255264],33.7825
[102242,1247753],[102251,1248134],33.8701
[102472,1246806],[102481,1247187],33.8895
[109530,1237436],[109539,1237813],34.088
[109760,1236671],[109769,1236866],34.1024
[111240,1235638],[111249,1235972],34.1583
[111867,1234362],[111876,1234655],34.1879
[113347,1233143],[113368,1233333],34.239
[114777,1231964],[114784,1232049],34.2836
[115774,1080318],[115776,1080322],34.3122
[116308,1071298],[116309,1071623],34.3221
[116800,1068046],[116800,1068050],34.3387
[116961,1066838],[116968,1066963],34.3474
[117100,1066020],[117100,1066292],34.3542
[117142,1065821],[117143,1066160],34.3559
[118685,1065261],[118702,1065284],34.3807
[118785,1064341],[118812,1064626],34.3852
[118967,1063900],[118967,1064067],34.3961
[119015,1063675],[119042,1063679],34.3985
[119126,1063160],[119132,1063265],34.4044
[120107,1052044],[120108,1052259],34.4258
[120639,1043420],[120639,1043568],34.43
[124818,1040772],[124824,1040776],34.461
[136631,1014720],[136674,1014724],34.496
[149322,1000565],[149322,1000565],34.5253
[149468,999546],[149468,999546],34.5261
[149489,993722],[149533,994058],34.5265
[166294,978587],[166302,978591],34.61
[180634,964098],[180634,964270],34.6493
[186087,958867],[186095,958867],34.6636
[192987,953528],[192988,953743],34.6759
[204172,942595],[204172,942756],34.6997
[211934,936968],[211934,936972],34.7183
[214474,935724],[214474,935992],34.7253
[275810,884168],[275811,884445],34.7754
[277012,883433],[277013,883639],34.7794
[299982,864522],[299982,864522],34.7965
[326086,844789],[326087,844957],34.8144
[341806,832752],[341807,832824],34.8241
[341958,831135],[341958,831135],34.8248
[346700,827912],[346700,827912],34.8281
[347830,827425],[347830,827425],34.8285
[353623,822600],[353623,822667],34.8299
[354127,821657],[354127,821657],34.8301
[360456,817608],[360456,817753],34.8317
[367658,815003],[367659,815006],34.8355
[374567,808553],[374568,808663],34.8389
[414785,802590],[414785,802590],34.8415
[443306,798511],[443307,798722],34.8424
[560383,794308],[560384,794308],34.845
[610357,789461],[610358,789461],34.8457
[622278,784361],[622279,784377],34.8468
[643968,777298],[644121,777412],34.8483
[833551,759532],[833551,759631],34.8501
[848676,757926],[848676,757926],34.8501
[884716,754463],[884716,754463],34.8501
[885471,752857],[885701,752857],34.8501
[85775,1331417],[85775,1331478],35.4038
[87379,1329943],[87393,1329947],35.421
[92072,1326306],[92072,1326429],35.4761
[94204,1324649],[94204,1324649],35.5153
[94823,1283524],[94824,1283656],35.5304
[94901,1281344],[94901,1281476],35.5343
[95243,1278804],[95252,1278990],35.5632
[95280,1278544],[95289,1278800],35.5667
[95427,1278127],[95443,1278320],35.5926
[95786,1262017],[95793,1262021],35.6353
[95872,1260867],[95881,1261097],35.6469
[96102,1259920],[96111,1260150],35.6684
[98538,1256807],[98538,1257073],35.7616
[99365,1256131],[99365,1256308],35.801
[100933,1254953],[100933,1255161],35.8847
[104496,1245071],[104496,1245075],36.0192
[105976,1243992],[105976,1244181],36.0483
[109403,1239247],[109403,1239518],36.1056
[109418,1239220],[109419,1239348],36.1061
[111381,1235637],[111381,1235787],36.1652
[113356,1233143],[113369,1233329],36.218
[115099,1231431],[115103,1231431],36.2564
[115736,1088449],[115738,1088453],36.265
[115774,1080318],[115777,1080318],36.2659
[117142,1066016],[117155,1066148],36.3001
[118736,1064874],[118736,1065018],36.3283
[119126,1063160],[119133,1063261],36.3512
[120869,1042473],[120869,1042621],36.3784
[128597,1028354],[128597,1028354],36.4128
[136631,1015863],[136631,1015867],36.4323
[149481,995125],[149489,995129],36.451
[160086,985121],[160086,985125],36.4843
[160423,984521],[160431,984521],36.485
[166294,976311],[166330,976311],36.5028
[173545,968958],[173545,968958],36.5197
[184650,960653],[184650,960657],36.5372
[194194,952900],[194203,952900],36.547
[226192,924935],[226192,924939],36.5698
[277012,883602],[277012,883643],36.5935
[283646,878179],[283646,878179],36.5955
[302708,861587],[302708,861587],36.5999
[305475,860287],[305475,860287],36.6003
[317578,850487],[317578,850593],36.6089
[328404,842238],[328404,842238],36.6106
[338239,834712],[338239,834712],36.6122
[344746,829312],[344746,829319],36.6137
[376521,807260],[376521,807260],36.6178
[560383,794312],[560383,794312],36.6195
[610357,789465],[610357,789465],36.6199
[624115,782547],[624141,782547],36.6211
[646015,774976],[646015,774976],36.624
[651626,770406],[651626,770406],36.6251
[736673,764777],[736674,764777],36.6252
[753039,760866],[753040,760866],36.6253
[833321,760574],[833322,760574],36.6253
[848906,756979],[848906,756979],36.6254
[861668,755911],[861669,755911],36.6254
[883901,754914],[883901,754914],36.6254
[898463,751789],[898464,751789],36.6255
[63175,1363768],[63175,1363899],36.8192
[73773,1338001],[73773,1338005],36.8835
[83488,1333220],[83488,1333345],36.9436
[86986,1330280],[86986,1330431],36.9619
[88541,1329421],[88541,1329421],36.972
[91665,1326794],[91665,1326913],36.9893
[92448,1326145],[92449,1326185],36.9964
[93394,1325342],[93394,1325342],37.0065
[94562,1288888],[94573,1289020],37.0226
[95044,1280424],[95044,1280540],37.0342
[95209,1279715],[95209,1279719],37.0404
[95346,1278596],[95346,1278600],37.0473
[104280,1245486],[104280,1245675],37.2819
[116308,1071627],[116308,1071627],37.4181
[116399,1071298],[116399,1071302],37.4188
[117142,1066016],[117154,1066152],37.4308
[118966,1064044],[118966,1064071],37.4628
[119015,1063840],[119021,1063927],37.4651
[132335,1024066],[132335,1024070],37.5173
[180633,964274],[180633,964274],37.5755
[182416,962758],[182424,962758],37.5763
[189273,956112],[189273,956116],37.5804
[191813,954263],[191821,954375],37.5816
[194342,952733],[194342,952737],37.5829
[200171,948029],[200171,948029],37.585
[207164,941283],[207164,941287],37.5889
[239465,913851],[239465,913851],37.596
[241956,912768],[241956,912768],37.5965
[256874,899676],[256875,899761],37.6008
[260033,896657],[260033,896657],37.6012
[290668,872222],[290668,872222],37.6047
[320147,848421],[320147,848421],37.6129
[326086,844961],[326086,844961],37.6131
[326172,844789],[326173,844789],37.6131
[341806,832828],[341806,832828],37.6143
[367658,815003],[367658,815010],37.6156
[374567,808553],[374567,808667],37.616
[443306,798726],[443306,798726],37.6167
[620584,785029],[620585,785029],37.6184
[640922,779938],[640999,779942],37.6186
[642228,778409],[642228,778409],37.6186
[643968,777577],[643968,777650],37.6186
[644717,776365],[644718,776365],37.6194
[645559,775227],[645559,775227],37.6196
[736673,764781],[736673,764781],37.6198
[739292,763540],[739292,763540],37.6198
[740653,762064],[740653,762064],37.6198
[847921,758585],[847921,758585],37.6199
[885471,753804],[885471,753804],37.6199
[63405,1362821],[63405,1362952],37.7267
[63644,1361591],[63644,1361591],37.7272
[71626,1339909],[71626,1339913],37.7568
[85710,1331805],[85710,1331809],37.8275
[94823,1283558],[94823,1283660],37.8691
[95442,1275982],[95450,1275982],37.878
[101335,1254467],[101335,1254592],37.9499
[102115,1249835],[102115,1249839],37.9606
[108689,1241530],[108690,1241587],38.0053
[109418,1239352],[109418,1239352],38.0097
[111474,1235637],[111474,1235641],38.0204
[115736,1088449],[115739,1088449],38.0454
[116357,1071479],[116363,1071483],38.0485
[116912,1067099],[116913,1067107],38.0512
[117142,1066152],[117142,1066164],38.0536
[118667,1065802],[118667,1065825],38.0606
[118791,1064870],[118791,1064874],38.0616
[118902,1064208],[118902,1064212],38.0645
[120688,1043420],[120694,1043424],38.0902
[149478,995125],[149490,995125],38.1141
[162301,983860],[162301,983864],38.1267
[166294,978587],[166303,978587],38.1299
[191819,954371],[191822,954371],38.1398
[245221,908911],[245221,908911],38.1484
[252701,902744],[252703,902748],38.1497
[753039,760870],[753039,760870],38.1564
[833321,760578],[833321,760578],38.1564
[861668,755915],[861668,755915],38.1564
[898463,751793],[898463,751793],38.1564
[84235,1332736],[84235,1332740],38.2874
[87326,1330280],[87326,1330310],38.2906
[91234,1327030],[91234,1327074],38.2962
[92448,1326149],[92448,1326189],38.2993
[93285,1325540],[93286,1325544],38.302
[94555,1290031],[94555,1290035],38.3064
[94619,1284475],[94619,1284475],38.3066
[94927,1281340],[94927,1281344],38.3081
[95442,1278320],[95442,1278324],38.3106
[95556,1263447],[95556,1263451],38.3116
[95777,1262531],[95777,1262535],38.3132
[97079,1258524],[97079,1258528],38.3202
[97482,1257951],[97482,1257955],38.322
[99347,1256304],[99347,1256384],38.3346
[100175,1255611],[100175,1255615],38.3426
[102147,1249568],[102147,1249572],38.361
[172814,970180],[172814,970184],38.4566
[251288,904086],[251289,904086],38.4642
[283621,878871],[283622,878871],38.4657
[341342,833054],[341342,833054],38.4667
[358573,819161],[358574,819161],38.4669
[371163,812402],[371163,812402],38.467
[413316,803134],[413317,803134],38.4672
[620584,785033],[620584,785033],38.4673
[644491,777298],[644491,777298],38.4676
[650035,772825],[650036,772825],38.4676
[704088,765239],[704088,765239],38.4677
[76885,1336139],[76885,1336143],38.5453
[85975,1331327],[85975,1331331],38.5544
[94840,1283524],[94840,1283559],38.5616
[95148,1280397],[95148,1280428],38.562
[108689,1241591],[108689,1241591],38.6081
[152267,991031],[152267,991035],38.6338
[153482,990188],[153482,990192],38.6341
[155973,989002],[155973,989002],38.6343
[158633,987247],[158633,987251],38.6359
[160423,984857],[160423,984857],38.636
[164142,980739],[164142,980743],38.6367
[166294,978927],[166294,978927],38.637
[166604,974289],[166604,974293],38.6371
[168878,973164],[168878,973164],38.6375
[169108,972213],[169108,972217],38.6375
[175474,968429],[175474,968433],38.638
[176049,966878],[176049,966882],38.638
[179001,965494],[179001,965498],38.6382
[179419,965113],[179419,965113],38.6384
[179755,964845],[179755,964849],38.6384
[186087,959199],[186087,959203],38.6389
[187894,958125],[187894,958129],38.6391
[191843,954263],[191843,954263],38.6396
[194194,953236],[194194,953240],38.6397
[197224,950375],[197224,950375],38.64
[197429,949934],[197429,949938],38.64
[279373,880744],[279374,880744],38.6426
[290387,872758],[290387,872758],38.6427
[353897,822604],[353897,822604],38.6431
[357082,820985],[357082,820985],38.6431
[628309,781527],[628309,781527],38.6436
[647505,774929],[647506,774929],38.6438
[90143,1328446],[90143,1328457],38.7
[92540,1326145],[92540,1326145],38.7008
[116357,1071587],[116357,1071591],38.7335
[116961,1067071],[116961,1067075],38.734
[117191,1066124],[117191,1066128],38.7342
[118755,1064978],[118755,1064991],38.7345
[118896,1064316],[118896,1064320],38.7346
[119015,1064031],[119015,1064035],38.7348
[119126,1063369],[119126,1063373],38.735
[120688,1043528],[120688,1043532],38.7358
[120918,1042581],[120918,1042585],38.736
[124588,1041827],[124588,1041831],38.7374
[124818,1040880],[124818,1040884],38.7375
[128576,1032767],[128576,1032771],38.738
[165088,979430],[165088,979430],38.7444
[180970,964002],[180970,964006],38.7449
[182645,962147],[182645,962151],38.745
[183860,961304],[183860,961308],38.745
[184872,960042],[184872,960046],38.7451
[191813,954711],[191813,954711],38.7454
[200445,946007],[200445,946011],38.7458
[209545,939200],[209545,939204],38.7462
[209890,938596],[209890,938600],38.7462
[211105,937753],[211105,937757],38.7463
[211926,937304],[211926,937308],38.7463
[214811,935720],[214811,935724],38.7464
[216256,934816],[216256,934816],38.7464
[217701,933022],[217701,933026],38.7464
[218713,931764],[218713,931764],38.7465
[219928,930917],[219928,930921],38.7465
[223114,927830],[223114,927834],38.7465
[251288,904090],[251288,904090],38.747
[256874,899765],[256874,899765],38.7472
[283621,878875],[283621,878875],38.7475
[348854,827327],[348855,827327],38.7482
[358573,819165],[358573,819165],38.7483
[413316,803138],[413316,803138],38.7484
[622315,784357],[622315,784357],38.7485
[622481,784279],[622482,784279],38.7485
[624344,782445],[624345,782445],38.7486
[94849,1283524],[94849,1283528],38.7836
[95157,1280397],[95157,1280397],38.7837
[95786,1262500],[95786,1262504],38.7844
[101090,1255139],[101090,1255139],38.7904
[109444,1239216],[109444,1239220],38.7974
[115736,1089377],[115736,1089377],38.798
[115817,1080103],[115817,1080103],38.7981
[115838,1075686],[115838,1075686],38.7981
[118686,1065798],[118686,1065798],38.7988
[118737,1064995],[118737,1065014],38.7988
[118809,1064847],[118809,1064851],38.7988
[119039,1063900],[119039,1063904],38.799
[120169,1047627],[120169,1047627],38.7991
[131101,1026274],[131101,1026278],38.8
[275797,884482],[275798,884482],38.8053
[296411,867355],[296411,867355],38.8054
[348854,827331],[348854,827331],38.8057
[622481,784283],[622481,784283],38.8059
[624114,783392],[624115,783392],38.806
[624344,782449],[624344,782449],38.806
[644424,777395],[644425,777395],38.8061
[647505,774933],[647505,774933],38.8061
[67233,1344094],[67233,1344098],38.8268
[87378,1330280],[87378,1330284],38.8285
[93285,1325587],[93285,1325591],38.8287
[116068,1074739],[116068,1074739],38.8324
[118785,1064978],[118785,1064982],38.8327
[119016,1064031],[119016,1064031],38.8329
[120399,1046680],[120399,1046680],38.833
[191819,954613],[191819,954617],38.8347
[624114,783396],[624114,783396],38.8357
[83021,1333621],[83021,1333625],38.857
[90396,1328446],[90396,1328446],38.8573
[94358,1324633],[94358,1324637],38.8575
[100420,1255426],[100420,1255430],38.858
[275797,884486],[275797,884486],38.8595
[644424,777399],[644424,777399],38.8597
[647678,774926],[647678,774926],38.8597
[94865,1283036],[94865,1283036],38.88
[95131,1280525],[95131,1280529],38.8802
[95210,1279715],[95210,1279715],38.8803
[102164,1249049],[102164,1249054],38.8805
[252701,902986],[252702,902986],38.8813
[287757,873861],[287758,873861],38.8814
[95172,1279905],[95172,1279909],38.9012
[95801,1262012],[95801,1262016],38.9012
[102171,1249049],[102171,1249053],38.9015
[105892,1244592],[105892,1244596],38.9018
[140645,1006437],[140645,1006437],38.9022
[143867,1004021],[143867,1004021],38.9023
[146371,1001945],[146371,1001945],38.9025
[147241,1001706],[147241,1001706],38.9026
[149469,999542],[149469,999542],38.9027
[149478,999278],[149478,999278],38.9027
[149534,994054],[149534,994054],38.9028
[149764,993107],[149764,993107],38.9028
[155752,989609],[155752,989609],38.9028
[155974,988998],[155974,988998],38.9029
[156271,988462],[156271,988462],38.903
[156713,987436],[156713,987436],38.9032
[158634,987247],[158634,987247],38.9032
[160424,984853],[160424,984853],38.9033
[162161,984312],[162161,984312],38.9034
[162302,983860],[162302,983860],38.9035
[162576,981842],[162576,981842],38.9035
[164373,979792],[164373,979792],38.9036
[166295,978923],[166295,978923],38.9037
[166331,976307],[166331,976307],38.9038
[168879,973160],[168879,973160],38.9039
[172815,970180],[172815,970180],38.9039
[173546,968954],[173546,968954],38.9041
[175475,968429],[175475,968429],38.9041
[175705,967482],[175705,967482],38.9041
[176928,966303],[176928,966303],38.9041
[179002,965494],[179002,965494],38.9041
[180971,964002],[180971,964002],38.9041
[181506,963418],[181506,963418],38.9043
[183861,961304],[183861,961304],38.9043
[190407,955713],[190407,955713],38.9046
[191814,954707],[191814,954707],38.9047
[191844,954259],[191844,954259],38.9049
[194343,952733],[194343,952733],38.905
[195066,951843],[195066,951843],38.9052
[195993,951388],[195993,951388],38.9053
[196223,950441],[196223,950441],38.9055
[197225,950371],[197225,950371],38.9056
[197438,949598],[197438,949598],38.9056
[198793,948588],[198793,948588],38.9057
[200172,948025],[200172,948025],38.9058
[200216,946954],[200216,946954],38.9058
[206401,942595],[206401,942595],38.9059
[206656,941898],[206656,941898],38.9059
[207387,940672],[207387,940672],38.906
[209316,940147],[209316,940147],38.906
[209546,939200],[209546,939200],38.906
[214475,935988],[214475,935988],38.9062
[216257,934812],[216257,934812],38.9063
[216487,933865],[216487,933865],38.9063
[217702,933022],[217702,933022],38.9063
[218492,932371],[218492,932371],38.9064
[218714,931760],[218714,931760],38.9065
[223115,927830],[223115,927830],38.9065
[227265,923273],[227265,923273],38.9066
[229999,920250],[229999,920250],38.9067
[236365,916466],[236365,916466],38.9068
[236595,915519],[236595,915519],38.9068
[242396,911455],[242396,911455],38.9068
[245082,909074],[245082,909074],38.9069
[246978,907236],[246978,907236],38.907
[249934,905096],[249934,905096],38.9071
[252701,902990],[252701,902990],38.9071
[253916,902147],[253916,902147],38.9071
[261336,894044],[261336,894044],38.9071
[263610,892915],[263610,892915],38.9072
[267735,890266],[267735,890266],38.9072
[270206,888184],[270206,888184],38.9073
[271651,886394],[271651,886394],38.9074
[278923,880792],[278923,880792],38.9075
[287757,873865],[287757,873865],38.9075
[290669,872218],[290669,872218],38.9076
[294107,869177],[294107,869177],38.9076
[298770,865670],[298770,865670],38.9076
[306050,859697],[306050,859697],38.9077
[306280,858750],[306280,858750],38.9078
[310834,856117],[310834,856117],38.9079
[318399,850483],[318399,850483],38.9079
[318629,849536],[318629,849536],38.908
[323305,846097],[323305,846097],38.9081
[326215,843596],[326215,843596],38.9082
[333257,838256],[333257,838256],38.9082
[342189,830184],[342189,830184],38.9083
[353394,823610],[353394,823610],38.9084
[369816,812643],[369816,812643],38.9084
[378689,804136],[378689,804136],38.9085
[431151,798969],[431151,798969],38.9085
[560614,793361],[560614,793361],38.9086
[575739,791656],[575739,791656],38.9086
[588731,789645],[588731,789645],38.9087
[612534,787534],[612534,787534],38.9087
[622545,783410],[622545,783410],38.9087
[641000,779938],[641000,779938],38.9088
[644949,775414],[644949,775414],38.9088
[647830,774144],[647830,774144],38.9088
[834158,758810],[834158,758810],38.9088
[886308,752036],[886308,752036],38.9089
[62732,1373430],[62732,1373430],38.9131
[62775,1372287],[62775,1372287],38.9133
[62796,1367870],[62796,1367870],38.9135
[63026,1366923],[63026,1366923],38.9136
[63104,1364739],[63104,1364739],38.9138
[63139,1364085],[63139,1364085],38.914
[63249,1363764],[63249,1363764],38.9142
[63513,1362408],[63513,1362408],38.9143
[63645,1361587],[63645,1361587],38.9145
[63652,1359249],[63652,1359249],38.9145
[63665,1357423],[63665,1357423],38.9147
[63712,1351263],[63712,1351263],38.9148
[63733,1346846],[63733,1346846],38.915
[67234,1344094],[67234,1344094],38.9152
[70273,1340753],[70273,1340753],38.9152
[71822,1339616],[71822,1339616],38.9154
[76886,1336139],[76886,1336139],38.9154
[85976,1331327],[85976,1331327],38.9154
[87379,1330280],[87379,1330280],38.9154
[90828,1327554],[90828,1327554],38.9156
[91666,1326909],[91666,1326909],38.9158
[93747,1325231],[93747,1325231],38.9159
[94087,1325110],[94087,1325110],38.9161
[94359,1324633],[94359,1324633],38.9163
[94530,1290163],[94530,1290163],38.9164
[94563,1289548],[94563,1289548],38.9164
[94594,1284603],[94594,1284603],38.9166
[94620,1284471],[94620,1284471],38.9168
[94809,1283822],[94809,1283822],38.9168
[94841,1283555],[94841,1283555],38.9169
[94850,1283524],[94850,1283524],38.9169
[94928,1281340],[94928,1281340],38.9169
[95149,1280424],[95149,1280424],38.9171
[95158,1280393],[95158,1280393],38.9173
[95463,1274156],[95463,1274156],38.9173
[95493,1269007],[95493,1269007],38.9173
[95746,1262798],[95746,1262798],38.9173
[95778,1262531],[95778,1262531],38.9182
[95872,1261834],[95872,1261834],38.9183
[96102,1260887],[96102,1260887],38.9185
[96740,1258645],[96740,1258645],38.9186
[97483,1257951],[97483,1257951],38.9188
[98872,1256437],[98872,1256437],38.919
[99366,1256304],[99366,1256304],38.9191
[99786,1255965],[99786,1255965],38.9193
[99836,1255732],[99836,1255732],38.9194
[100421,1255426],[100421,1255426],38.9196
[100750,1255260],[100750,1255260],38.9197
[101676,1254467],[101676,1254467],38.9199
[101927,1250484],[101927,1250484],38.9199
[102116,1249835],[102116,1249835],38.9199
[102157,1249537],[102157,1249537],38.9201
[102242,1248871],[102242,1248871],38.9203
[102472,1247924],[102472,1247924],38.9204
[104413,1245486],[104413,1245486],38.9206
[108637,1241715],[108637,1241715],38.9208
[108911,1240933],[108911,1240933],38.9208
[109404,1239514],[109404,1239514],38.9208
[109436,1239247],[109436,1239247],38.9209
[109530,1238550],[109530,1238550],38.9211
[109760,1237603],[109760,1237603],38.9213
[110084,1236721],[110084,1236721],38.9214
[111382,1235783],[111382,1235783],38.9217
[113356,1233761],[113356,1233761],38.9218
[113675,1233143],[113675,1233143],38.9218
[115737,1089373],[115737,1089373],38.922
[115818,1080099],[115818,1080099],38.9222
[115839,1075682],[115839,1075682],38.9224
[116069,1074735],[116069,1074735],38.9225
[116071,1073811],[116071,1073811],38.9225
[116358,1071587],[116358,1071587],38.9227
[116400,1071298],[116400,1071298],38.9227
[116445,1070242],[116445,1070242],38.9227
[116632,1069427],[116632,1069427],38.9231
[116962,1067071],[116962,1067071],38.9233
[117192,1066124],[117192,1066124],38.9235
[117198,1066016],[117198,1066016],38.9235
[118720,1065261],[118720,1065261],38.9235
[118786,1064978],[118786,1064978],38.9237
[118792,1064870],[118792,1064870],38.9237
[118848,1064352],[118848,1064352],38.9239
[118897,1064316],[118897,1064316],38.9241
[118903,1064208],[118903,1064208],38.9241
[119022,1063923],[119022,1063923],38.9241
[119040,1063900],[119040,1063900],38.9243
[119127,1063369],[119127,1063369],38.9245
[120106,1053183],[120106,1053183],38.9246
[120149,1052040],[120149,1052040],38.9247
[120170,1047623],[120170,1047623],38.9249
[120400,1046676],[120400,1046676],38.925
[120402,1045752],[120402,1045752],38.925
[120689,1043528],[120689,1043528],38.925
[120870,1042617],[120870,1042617],38.9251
[124540,1041863],[124540,1041863],38.9253
[124589,1041827],[124589,1041827],38.9254
[124770,1040916],[124770,1040916],38.9254
[124819,1040880],[124819,1040880],38.9255
[128534,1033910],[128534,1033910],38.9256
[128565,1032803],[128565,1032803],38.9256
[128577,1032767],[128577,1032767],38.9258
[128598,1028350],[128598,1028350],38.9259
[128859,1026296],[128859,1026296],38.9259
[131102,1026274],[131102,1026274],38.926
[132336,1024066],[132336,1024066],38.9262
[643356,778225],[643356,778225],38.9291
[644717,776749],[644717,776749],38.9291
[94864,1283040],[94864,1283040],38.9338
