[62731,1373430],[62731,1373434],0.001447
[86785,1248078],[94856,1283045],0.076669
[115736,1056039],[115774,1081246],0.13905
[131621,979431],[139138,1015750],0.155736
[171619,922104],[181255,976142],0.170783
[201375,884612],[209658,951432],0.177562
[239678,864191],[247062,922298],0.264031
[287810,838220],[295537,882471],0.270702
[560318,799379],[591803,845706],0.275159
[774927,768763],[806383,815090],0.275252
[63646,1283045],[63763,1351213],0.300551
[79211,1266708],[79211,1346591],0.361665
[79232,1262291],[79232,1342174],0.361806
[90405,1251709],[94562,1289552],0.408105
[95660,1207279],[97621,1260228],0.424862
[108618,1015750],[115776,1080322],0.48862
[115736,985509],[120540,1049398],0.496472
[115800,979949],[120604,1043838],0.496841
[122639,971509],[128533,1033914],0.508306
[122703,965949],[128597,1028354],0.508445
[135711,963071],[135711,1022631],0.516669
[140240,951432],[146076,1008456],0.523714
[149453,936634],[157373,995344],0.53176
[149517,931074],[157437,989784],0.53189
[158962,922298],[168097,981530],0.542904
[166905,919318],[176316,976993],0.550988
[170024,913237],[180106,971607],0.554382
[177978,908501],[185898,967338],0.560292
[180482,902827],[191278,961502],0.563511
[190056,897874],[201695,956734],0.569448
[190286,896927],[201925,955787],0.570307
[195055,895469],[207198,950113],0.573235
[205430,890516],[219064,945160],0.58182
[207175,882471],[218977,941137],0.583028
[210360,881904],[223653,937698],0.585606
[219636,878250],[233607,931752],0.592656
[227043,872336],[236222,926208],0.596817
[231321,867446],[241482,923073],0.598648
[234828,865013],[249478,916450],0.600693
[242681,857345],[257835,913362],0.604049
[242769,855679],[257923,911696],0.604158
[251675,852862],[261417,907919],0.608719
[254860,850466],[266093,904480],0.610115
[264992,847777],[275749,903526],0.613678
[265013,843360],[275770,899109],0.613701
[265243,842413],[276000,898162],0.613887
[268428,841270],[280676,894723],0.614885
[276970,836765],[293652,886988],0.61771
[290308,826191],[300561,880645],0.619225
[290538,825244],[300791,879698],0.61946
[339375,814043],[343801,845259],0.621693
[542071,790408],[573053,837187],0.62266
[686581,782066],[701850,800340],0.623103
[63671,1295875],[65261,1350126],0.664889
[63692,1289552],[65282,1345709],0.665154
[87249,1283045],[90181,1336226],0.780024
[87313,1279105],[90245,1330666],0.780704
[90972,1244327],[94605,1288409],0.806291
[95625,1225167],[97595,1264342],0.840053
[98980,1210412],[102854,1256067],0.883196
[106899,1202460],[110627,1241635],0.944453
[111704,1031856],[116293,1077151],0.98801
[111747,1030713],[116336,1076008],0.988368
[111768,1026296],[116357,1071591],0.988588
[111998,1025349],[116587,1070644],0.990368
[115786,1007313],[120583,1048255],0.99784
[115807,1002896],[120639,1043568],0.997946
[126694,983599],[131133,1025167],1.02169
[130432,979949],[134840,1021990],1.02974
[134728,971607],[139136,1013787],1.04072
[134792,967338],[139200,1008227],1.04102
[141733,961502],[147356,1002049],1.05178
[145990,955787],[151305,996988],1.05889
[157520,952704],[157520,992375],1.07474
[162237,937698],[168814,978724],1.08106
[162301,933572],[168878,973164],1.08144
[169230,929594],[175819,967829],1.09088
[174698,925736],[181275,964369],1.09912
[179130,921433],[185857,960150],1.10624
[183821,916210],[190398,956053],1.11379
[188038,913362],[195428,953865],1.11967
[190750,911696],[197339,950718],1.12352
[193901,909259],[202369,948530],1.12762
[196142,905891],[202719,944882],1.13079
[203071,900314],[209660,939547],1.14068
[203301,899109],[209890,938600],1.14137
[206660,897874],[214690,937359],1.14693
[206890,896927],[214920,936412],1.14759
[211566,894723],[219596,932973],1.1532
[214575,893209],[222605,931785],1.1581
[217832,892054],[227312,926828],1.16342
[223524,886128],[231034,924125],1.16955
[224989,884478],[233808,920493],1.17301
[229515,879698],[238838,918305],1.17657
[234191,879017],[243514,914866],1.18251
[237310,875458],[245389,910717],1.18699
[243937,871788],[254361,907047],1.19349
[246786,868393],[254865,906037],1.19696
[247016,867446],[255095,905090],1.19758
[249494,866263],[257508,902450],1.20009
[251443,863837],[260923,899493],1.20236
[257887,860351],[266672,895723],1.20752
[262305,857345],[273780,893397],1.2127
[264455,852862],[273581,889380],1.21412
[271364,845706],[281068,883098],1.21752
[279075,842363],[290774,877471],1.22391
[284993,839699],[293007,874567],1.22802
[288178,835577],[297683,871128],1.22946
[301164,833751],[310868,866863],1.23274
[301185,829334],[310889,862446],1.23277
[310288,822811],[317798,856103],1.23436
[345105,807403],[348199,842956],1.23713
[345148,806260],[348242,841813],1.23717
[345169,801843],[348263,837396],1.23721
[345399,800896],[348493,836449],1.23749
[479101,799166],[489371,833176],1.24023
[490818,797623],[494518,832763],1.24039
[491048,796676],[494748,831816],1.24041
[531251,792392],[541521,826402],1.24119
[543637,791198],[553907,825208],1.24138
[570034,785859],[594607,819349],1.24196
[590198,783979],[611246,813240],1.24232
[593319,778020],[618154,807281],1.24252
[645781,772853],[670616,802114],1.24283
[786535,767375],[803502,793017],1.24292
[63477,1330666],[63551,1361824],1.31437
[63628,1319986],[63703,1351756],1.31807
[67234,1312604],[67234,1344094],1.35073
[78363,1304550],[80078,1337328],1.43019
[85005,1298670],[86720,1331660],1.56419
[87549,1293230],[89604,1330432],1.59243
[88871,1291610],[91198,1328440],1.61937
[94963,1241635],[95638,1272840],1.68925
[95257,1235319],[95932,1266333],1.69877
[107799,1219441],[110266,1249976],1.81114
[107863,1213881],[110330,1244416],1.81193
[109188,1206298],[111699,1236833],1.82752
[114371,1047672],[116338,1075934],1.89089
[114435,1042112],[116402,1070374],1.89156
[120169,1013787],[120694,1043424],1.91902
[122904,1012719],[124825,1040772],1.93189
[125365,1004996],[128564,1032807],1.94094
[125429,999436],[128628,1027247],1.94133
[132891,989757],[136635,1017822],1.95747
[132922,988211],[136632,1015863],1.95823
[132986,981524],[136696,1010303],1.95891
[143573,978724],[147291,1007613],1.985
[143637,974954],[147355,1002053],1.98526
[149468,967829],[153227,996102],2.0016
[149489,964369],[153248,991685],2.00172
[151993,962045],[155752,989609],2.01079
[152223,961098],[155982,988662],2.01214
[156430,959870],[160189,986350],2.0226
[161886,956053],[165645,982890],2.04025
[162301,953620],[166064,979874],2.04326
[166330,944882],[170089,972867],2.05407
[166560,944808],[170319,971920],2.05535
[170049,942723],[173808,969948],2.06367
[170279,941776],[174038,969001],2.06512
[173271,940607],[177030,967532],2.07262
[173501,939547],[177260,966585],2.07393
[175430,938600],[179189,966060],2.07887
[175660,937359],[179419,965113],2.07995
[184561,931009],[189572,957777],2.09456
[184791,930062],[189802,956830],2.09564
[191470,925400],[196513,952442],2.11012
[191700,924125],[196743,951495],2.11128
[195812,923178],[199929,948408],2.12181
[200171,918305],[203930,944585],2.13168
[203890,914866],[207649,941666],2.14039
[204120,914194],[207879,940719],2.14146
[207112,911283],[213030,937778],2.14726
[210705,910486],[215411,935882],2.15399
[216544,906037],[222462,932214],2.16272
[218197,904912],[224619,930739],2.16825
[218402,902966],[223413,929495],2.16926
[218632,902019],[223643,928548],2.1703
[222482,900314],[226599,926408],2.17605
[222712,899367],[226829,925461],2.1771
[225311,897874],[230354,924160],2.18219
[225541,896927],[230584,923213],2.18321
[229423,895723],[233540,921073],2.18959
[232225,892866],[239033,917569],2.19509
[237242,889380],[243246,915446],2.20543
[237472,888583],[243476,914499],2.20646
[240343,887935],[245317,911646],2.21233
[244533,884665],[249239,910139],2.21929
[244546,882953],[249252,907600],2.21939
[249072,879698],[254282,905412],2.22548
[252257,877471],[258958,901973],2.23003
[254140,875336],[260841,900561],2.23332
[259600,873472],[264638,897120],2.23803
[263384,870813],[270353,893660],2.24421
[264922,866863],[271888,891433],2.24733
[269448,865157],[276918,889245],2.25199
[271921,862170],[279371,885553],2.25487
[278830,856103],[284783,880725],2.25919
[279060,855156],[285013,879778],2.2598
[283582,851154],[291692,874382],2.26325
[288108,848937],[296218,873204],2.26625
[288338,847990],[296448,872257],2.2668
[292027,846795],[300137,869628],2.2705
[294667,842956],[303281,867343],2.27543
[298999,841813],[307057,866669],2.27962
[299229,841270],[307287,865722],2.28008
[306494,836449],[314604,860073],2.28492
[313403,829829],[321513,853730],2.28749
[313633,828882],[321743,852783],2.28797
[324294,825208],[331848,848205],2.29078
[347693,810540],[352044,833596],2.29412
[347923,809593],[352274,832649],2.29457
[383560,806025],[388839,829474],2.29689
[383790,805078],[389069,828527],2.29725
[431812,801709],[441071,825254],2.29878
[432042,800762],[441301,824307],2.29882
[444198,800515],[453457,824060],2.29903
[526036,799502],[534345,822951],2.30031
[526266,798555],[534575,822004],2.30032
[534679,796841],[549700,820299],2.30042
[534909,795894],[549930,819352],2.30043
[577221,793017],[590481,815555],2.30196
[577451,792070],[590711,814608],2.30206
[584076,790846],[597727,811056],2.30274
[599217,785684],[616483,808244],2.30351
[599447,784737],[616713,807297],2.3036
[602338,783158],[619604,805718],2.30387
[602568,782211],[619834,804771],2.30395
[606125,779725],[623391,802285],2.3042
[606355,778778],[623621,801338],2.30427
[646583,775603],[661777,795740],2.30471
[698815,771383],[714009,791520],2.30493
[789289,768133],[807513,788270],2.30502
[800981,765481],[821277,788041],2.30503
[813137,765234],[833433,787794],2.30504
[841209,762306],[859433,782443],2.30506
[62795,1336191],[63513,1362408],2.40193
[63025,1327493],[63993,1350266],2.40647
[77761,1321893],[78318,1343443],2.53023
[78012,1316529],[78569,1338079],2.53456
[83769,1311536],[85195,1333611],2.5933
[87418,1307730],[88853,1329805],2.69143
[93625,1257762],[95418,1280931],2.8008
[93689,1252202],[95482,1275371],2.80173
[94678,1239871],[96306,1262274],2.82189
[97851,1235886],[97851,1259281],2.86461
[100984,1232941],[102778,1253635],2.90824
[101024,1227381],[102842,1248075],2.90937
[108975,1223723],[109754,1243479],3.00361
[109031,1218163],[109818,1237919],3.00446
[112011,1212962],[113418,1234382],3.04986
[115802,1046904],[116877,1067381],3.10471
[116032,1045957],[117107,1066434],3.10791
[119230,1024164],[120695,1043420],3.12894
[124470,1021912],[124595,1041719],3.15144
[132321,1006040],[132348,1024324],3.17544
[136054,1001718],[136055,1021147],3.19881
[136284,990738],[136926,1009356],3.20078
[145774,988662],[147335,1006466],3.233
[145795,984449],[147010,1002657],3.23315
[149468,979371],[152025,996059],3.25271
[149489,972486],[152046,991642],3.25285
[149719,971666],[152276,990695],3.2544
[155929,969948],[155981,988666],3.27374
[156430,967532],[158987,986307],3.27731
[156660,966585],[159217,985360],3.27929
[159804,964988],[162361,983288],3.29224
[160034,963422],[162591,982341],3.29364
[162295,962045],[164858,980377],3.30242
[162525,961098],[165088,979430],3.30444
[164961,956353],[166383,974900],3.31562
[167695,955088],[169117,971877],3.32929
[171902,951495],[173324,969565],3.34319
[172540,949492],[175483,968093],3.34756
[172770,948545],[175713,967146],3.34932
[177358,948341],[178780,966105],3.36729
[179481,944585],[182424,962758],3.37642
[179711,944006],[182654,961811],3.37814
[183179,941666],[185866,959810],3.38887
[183409,940719],[186096,958863],3.39058
[186219,938675],[189052,956723],3.40057
[186449,937728],[189282,955776],3.40222
[189209,936478],[191820,954613],3.41034
[191878,935605],[194821,953963],3.42145
[192108,934658],[195051,953016],3.42291
[192798,933808],[195993,951388],3.42686
[193028,932214],[196223,950441],3.42865
[195805,931204],[198761,949278],3.43792
[198616,930564],[201449,947928],3.44773
[198802,928548],[200224,946618],3.44948
[199032,928242],[200454,945671],3.45147
[201536,925461],[202958,943595],3.4615
[203558,924453],[207484,942417],3.47028
[205743,923213],[209324,939811],3.48021
[208185,921022],[211935,936968],3.48903
[213322,917126],[216265,934476],3.50617
[213552,915503],[216495,933529],3.50767
[215284,915141],[218646,932580],3.51443
[215514,914194],[218876,931633],3.51598
[217240,911646],[221287,929569],3.52249
[220060,911283],[222893,928441],3.53299
[222455,908765],[225724,926310],3.54082
[224729,907600],[227998,925181],3.54931
[224959,906817],[228228,924234],3.55054
[226639,905412],[229834,923106],3.55634
[226869,904912],[230064,922159],3.55752
[229637,903736],[233455,919857],3.56807
[231819,901643],[234670,919014],3.57585
[233509,900080],[238036,917502],3.5809
[233739,899133],[238266,916555],3.58254
[236804,897874],[240166,915469],3.59182
[237034,896927],[240396,914522],3.59307
[238760,895959],[243042,912367],3.60191
[241796,893401],[245546,909633],3.60857
[244140,890486],[246991,907843],3.61647
[248940,889245],[251791,906602],3.62972
[249125,888882],[252487,904298],3.63116
[249355,886041],[252717,903351],3.63256
[251081,885077],[255128,901287],3.63835
[255029,882953],[259335,898975],3.64881
[258557,880725],[263343,897480],3.65798
[258570,879778],[263054,896056],3.65808
[262780,877894],[266049,894817],3.66656
[263326,876841],[268314,892921],3.66928
[264932,875258],[269683,891969],3.67306
[265162,874311],[269913,891022],3.67402
[267350,872257],[271877,889220],3.67855
[271436,869628],[275063,886133],3.68549
[275291,867343],[280322,884466],3.69209
[278194,865050],[282004,880798],3.69916
[282720,863401],[287034,878610],3.70813
[285135,860012],[290429,875359],3.71239
[289891,857887],[295185,873234],3.71949
[290029,856078],[293767,871849],3.72041
[292976,852783],[297338,869016],3.72504
[293206,851915],[297568,868069],3.7258
[297439,851154],[301892,866383],3.72972
[299345,849191],[304884,865481],3.73333
[299575,848205],[305114,864534],3.73396
[301555,847592],[306193,863188],3.73752
[305380,845907],[310283,861254],3.74386
[306219,843360],[310594,859258],3.74634
[306449,841813],[310824,858311],3.74716
[310063,840896],[313332,855898],3.75049
[313708,838260],[317503,852915],3.75469
[317544,835577],[322808,851218],3.75831
[317774,834630],[323038,850271],3.75892
[321419,831765],[327209,847288],3.76241
[321649,830818],[327439,846341],3.7631
[324428,829829],[330218,846100],3.7667
[324658,828882],[330448,845153],3.76727
[326259,828387],[329528,844027],3.76944
[329627,827640],[335475,842763],3.77205
[330785,825854],[334558,841839],3.77388
[332938,822782],[336207,838631],3.77636
[333168,821835],[336437,837684],3.77715
[337464,820299],[341237,836443],3.78173
[337694,819352],[341467,835496],3.78236
[340649,818488],[345913,833004],3.78579
[343658,816583],[348922,831816],3.79039
[343888,815555],[349152,830869],3.79098
[351499,811860],[356925,827433],3.79472
[351729,810913],[357155,826486],3.79522
[355850,808836],[359119,824322],3.79697
[356080,807889],[359349,823375],3.79745
[362738,806645],[366007,822396],3.79938
[362759,802285],[366028,817979],3.79945
[362989,801338],[366258,817032],3.79994
[398626,799173],[402823,813857],3.80318
[415221,797806],[418490,812812],3.80457
[446878,794953],[455055,809637],3.80557
[459264,793017],[467441,808443],3.80595
[541102,792091],[548329,807334],3.80759
[541332,791144],[548559,806387],3.80761
[553783,789217],[563684,804682],3.80777
[554013,788270],[563914,803735],3.80778
[593252,785317],[600479,800560],3.8096
[593482,784370],[600709,799613],3.80961
[597711,783842],[607924,798872],3.81042
[601268,781356],[611481,796386],3.81078
[601498,780409],[611711,795439],3.81087
[618601,779313],[629011,793823],3.81181
[618831,778366],[629241,792876],3.81191
[621648,776365],[632058,790204],3.81217
[624769,773839],[635179,787678],3.81268
[628556,770406],[638966,784245],3.813
[661879,768770],[672204,782609],3.81354
[665436,766284],[675761,780123],3.81379
[693174,764992],[703584,778831],3.81404
[717668,762064],[727993,775903],3.81411
[730054,760870],[740379,774709],3.81413
[806779,758814],[821497,772653],3.81423
[823182,757109],[836622,770948],3.81426
[835568,755915],[849008,769754],3.81427
[858699,752987],[873417,766826],3.81429
[871085,751793],[885803,765632],3.8143
[62847,1350266],[63492,1366825],3.96501
[62983,1334601],[63704,1351752],3.96901
[63026,1333458],[63747,1350609],3.96972
[63047,1328796],[63768,1346192],3.97031
[63277,1328094],[63998,1345245],3.97659
[67463,1327319],[67464,1343147],4.04598
[79515,1323093],[79551,1337975],4.18372
[84755,1318357],[85131,1333404],4.27482
[86951,1315507],[87327,1330306],4.3456
[90455,1312902],[91369,1327928],4.48396
[94626,1253635],[95702,1267280],4.54951
[94939,1247305],[95563,1262968],4.5589
[95117,1246134],[95793,1262021],4.56606
[95530,1243479],[96510,1259592],4.58076
[95760,1242831],[96740,1258645],4.58903
[96857,1241635],[97953,1257379],4.62622
[97776,1240907],[98872,1256437],4.65387
[100385,1239802],[101335,1254592],4.73578
[101836,1237617],[102816,1252189],4.76993
[101900,1232057],[102880,1246629],4.77166
[103473,1229965],[104590,1244788],4.8156
[107465,1228423],[108459,1242538],4.91158
[109189,1224033],[109858,1237195],4.95397
[111526,1220875],[112195,1234037],5.01406
[118593,1052974],[118685,1065802],5.1321
[119500,1037376],[120575,1049128],5.14492
[119564,1031816],[120571,1044371],5.1457
[127829,1020154],[128576,1032771],5.18475
[127893,1014594],[128629,1027243],5.18513
[128123,1013647],[128859,1026296],5.18684
[132271,1012306],[132565,1023123],5.20733
[139430,995500],[139430,1007280],5.2417
[149092,988666],[149093,1001508],5.28719
[149425,986307],[149478,999278],5.29197
[149468,985360],[149521,998135],5.2924
[149489,981145],[149542,993718],5.29274
[149719,980198],[149772,992771],5.29567
[151895,978465],[153490,989856],5.30855
[156660,974900],[156713,987436],5.3326
[158819,971877],[160431,984521],5.34565
[162301,968093],[164150,980407],5.36338
[162472,967146],[164380,979460],5.36576
[164961,962377],[166382,974904],5.38056
[165191,961405],[166613,973953],5.38357
[168910,958441],[170331,971038],5.4005
[171902,958056],[173323,969569],5.4142
[175506,953963],[176927,966307],5.43012
[177588,953016],[179009,965162],5.44075
[179418,951388],[180979,963666],5.45054
[182447,949278],[183868,960972],5.46556
[183416,947928],[184880,959710],5.47412
[184674,946618],[186095,958867],5.48247
[186481,945671],[187902,957793],5.49406
[186711,944808],[188132,956846],5.49666
[187860,943595],[189281,955780],5.50608
[189075,943194],[190496,954937],5.51423
[190357,941776],[191851,953927],5.52238
[193422,940607],[194844,952454],5.53587
[193652,939660],[195074,951507],5.53728
[196016,937436],[197437,949602],5.54818
[197026,936968],[198447,949196],5.55553
[199032,933529],[200453,945675],5.56499
[202751,931204],[204172,942756],5.58032
[205743,929569],[207164,941287],5.59216
[209117,926310],[211705,937915],5.6055
[209400,925181],[211934,936972],5.60828
[213135,924234],[214820,935384],5.62004
[216058,920423],[218491,932375],5.63053
[216288,919857],[218721,931428],5.6322
[218515,919014],[219936,930585],5.6418
[219852,917126],[220968,929041],5.64836
[220082,916179],[221198,928094],5.64999
[223123,914522],[225654,926429],5.66306
[223534,914194],[223702,926018],5.66616
[227577,909539],[230298,921287],5.68435
[230920,908741],[233454,919861],5.69429
[234288,905859],[237009,916899],5.70577
[234518,904298],[237239,915952],5.70731
[238251,903351],[240395,914526],5.71705
[238835,902590],[241597,914157],5.72064
[239065,901643],[241827,913210],5.72237
[239974,900678],[242695,912492],5.72821
[241372,900314],[242488,911930],5.73428
[241602,899367],[242718,910983],5.73636
[243011,898200],[245545,909637],5.74294
[243241,897253],[245776,908686],5.7443
[247537,896056],[250575,907449],5.75616
[248867,893401],[251588,905123],5.76266
[249097,892454],[251818,904176],5.76408
[253693,889220],[254809,900759],5.77522
[253923,888583],[255039,899812],5.77655
[256038,886133],[257543,897736],5.78479
[259774,884466],[262571,895633],5.79746
[260551,882953],[263909,893952],5.80116
[260781,881822],[264139,893005],5.8025
[265240,880798],[267249,892109],5.81196
[265581,880187],[268939,891764],5.81421
[265811,879240],[269169,890817],5.8159
[268129,878174],[270850,888617],5.8226
[270487,876742],[273845,887378],5.83023
[271503,875258],[274292,885669],5.83457
[276029,872194],[279322,883481],5.84388
[276259,871247],[279552,882534],5.84506
[279601,868581],[282234,879851],5.85381
[281064,868069],[283861,879469],5.86146
[281294,867446],[284091,878522],5.86329
[283824,865481],[286612,876688],5.87045
[283990,864534],[286842,875741],5.87133
[286826,863188],[289907,873835],5.87691
[288247,862330],[290968,873255],5.88109
[293026,860446],[296318,871061],5.89321
[293256,859258],[296548,870114],5.89428
[293385,858048],[296182,868298],5.89548
[296719,855860],[299753,865465],5.9022
[301245,852862],[304783,863277],5.91002
[301475,851218],[305013,862330],5.91134
[303628,850271],[306349,860734],5.91749
[305921,848937],[309459,859838],5.92228
[306151,847990],[309689,858891],5.92311
[308384,846645],[311609,857599],5.92711
[312830,844027],[316055,855107],5.93119
[313379,842763],[315517,853294],5.93363
[317905,841408],[320547,851106],5.93947
[320288,837684],[323011,848548],5.94325
[321320,836443],[325453,846720],5.94705
[324329,835246],[328462,845532],5.95275
[326770,833004],[329804,843866],5.95894
[327022,831816],[328405,842234],5.96028
[331373,830818],[334600,841509],5.96477
[334503,827123],[337881,837554],5.97133
[334733,826040],[338111,836607],5.97202
[342382,824322],[342550,834973],5.9806
[342403,820369],[342571,830556],5.9807
[342633,819422],[342801,829609],5.98141
[350109,817979],[352832,827896],5.98641
[350339,817032],[353062,826949],5.98706
[353123,813759],[355286,823741],5.98929
[365251,811698],[365419,821807],5.99382
[365294,810577],[365462,820664],5.99389
[365315,806160],[365483,816247],5.99396
[365545,805213],[365713,815300],5.99455
[372203,804301],[372371,814321],5.99671
[372224,799613],[372392,809904],5.99679
[372454,798872],[372622,808957],5.99733
[408091,795439],[409187,805782],6.00051
[456343,792876],[461419,801562],6.00285
[552973,789356],[554693,799259],6.00475
[553203,788409],[554923,798312],6.00478
[566850,786368],[570048,796607],6.00499
[567080,785421],[570278,795660],6.00501
[579236,785174],[582434,795413],6.00536
[599811,784245],[607272,794349],6.00682
[603368,782543],[610829,791863],6.00721
[617509,781388],[619229,791291],6.00784
[617720,778545],[621783,788238],6.00807
[617950,777598],[622013,787291],6.00817
[629458,775903],[634634,785946],6.00863
[629688,775527],[634864,784999],6.0087
[632194,772653],[638421,782513],6.00922
[635247,769754],[641543,779603],6.00961
[635477,769455],[641773,778656],6.0097
[671114,765632],[678338,775481],6.01021
[671344,765333],[678568,774534],6.0103
[719596,763830],[726820,773031],6.01053
[723346,762060],[730570,771261],6.01056
[723576,761113],[730800,770314],6.01057
[813590,759757],[823844,768958],6.0107
[813820,758810],[824074,768011],6.01071
[829873,757105],[839199,766306],6.01074
[830103,756158],[839429,765359],6.01075
[865740,752983],[875994,762184],6.01077
[865970,752036],[876224,761237],6.01079
[62767,1360915],[63111,1369459],6.24954
[62795,1355785],[63138,1364089],6.24995
[63671,1339780],[63746,1350613],6.27338
[63692,1335363],[63767,1346196],6.27426
[65546,1333385],[65546,1344112],6.31532
[67268,1332358],[67268,1343444],6.34602
[67498,1331411],[67498,1342497],6.35165
[69012,1329719],[69048,1341356],6.38547
[70308,1328440],[70308,1340099],6.41961
[71856,1327493],[71856,1338966],6.4531
[73747,1326614],[73809,1337347],6.4912
[75357,1325114],[75358,1336210],6.52861
[82253,1324479],[82452,1334689],6.68289
[84795,1322498],[84927,1332708],6.76258
[89708,1318357],[90111,1329451],6.8653
[89938,1317410],[90341,1328504],6.87417
[91701,1316383],[92073,1326425],6.96086
[93647,1314736],[94359,1324633],7.03571
[94963,1258645],[95499,1268528],7.08414
[95530,1250249],[96196,1260952],7.1074
[95760,1249302],[96426,1260005],7.11623
[96739,1247005],[97483,1257951],7.14958
[98257,1246358],[99026,1256425],7.19692
[100133,1244788],[100933,1255161],7.25909
[101836,1243300],[102502,1253549],7.32134
[101871,1241575],[102545,1252406],7.32237
[101892,1237195],[102566,1247989],7.32306
[102122,1236248],[102796,1247042],7.33184
[104496,1234037],[104722,1244603],7.40717
[106273,1232378],[107073,1243145],7.45452
[106503,1231431],[107303,1242198],7.46168
[108910,1230435],[109222,1239680],7.52736
[109339,1228516],[109854,1237668],7.54298
[110956,1226424],[111471,1236110],7.599
[112789,1224845],[113582,1233426],7.65958
[116032,1060760],[116675,1069295],7.73545
[116319,1058227],[116962,1067071],7.74425
[116500,1057280],[117192,1066124],7.74918
[118857,1056268],[119022,1063923],7.78119
[120191,1034674],[120640,1043564],7.7982
[120421,1033727],[120870,1042617],7.80239
[131101,1017826],[131101,1026278],7.86629
[132321,1015436],[132336,1024066],7.87746
[132551,1014489],[132566,1023119],7.88053
[135548,1007074],[136675,1014720],7.9032
[140644,998056],[140644,1006441],7.93759
[145796,994790],[145796,1003496],7.97366
[146026,994709],[146026,1002549],7.97713
[152223,981592],[153483,990188],8.03724
[155699,979949],[156482,988387],8.06144
[155929,978927],[156712,987440],8.06399
[158819,978465],[158864,986300],8.0869
[159164,977590],[160424,984853],8.09319
[162301,973953],[162353,982457],8.11455
[165035,970676],[166303,978587],8.142
[166330,967643],[166375,975236],8.15351
[166560,966307],[166612,973957],8.15666
[171401,962377],[172592,970795],8.19054
[171631,962151],[172822,969848],8.1932
[173501,960972],[173546,968954],8.20639
[175430,960335],[175475,968429],8.21941
[175660,959388],[175705,967482],8.22194
[176005,957793],[177265,966035],8.22836
[178572,956846],[179763,964513],8.24436
[181505,955106],[181505,963422],8.26704
[182601,953513],[183861,961304],8.27381
[184881,951507],[186088,959199],8.28834
[186325,950718],[187895,958125],8.29923
[188534,948002],[189274,956112],8.31785
[189749,946981],[190489,955269],8.32768
[190584,946654],[191844,954259],8.33567
[192921,945675],[194112,953684],8.35058
[193151,944808],[194342,952737],8.35317
[196690,941752],[197430,949934],8.38177
[197180,940842],[198785,948924],8.38875
[200171,938875],[200216,946954],8.40456
[200401,937915],[200446,946007],8.40675
[202905,934935],[204165,943088],8.42542
[207112,933572],[207157,941619],8.44952
[207342,932625],[207387,940672],8.45232
[209271,930564],[210884,938364],8.46498
[209501,929617],[211114,937417],8.46693
[213398,929041],[214589,936335],8.48456
[213628,927494],[214819,935388],8.48631
[216442,925246],[217702,933022],8.49891
[218722,923227],[219929,930917],8.50943
[219852,921287],[220967,929045],8.51708
[222375,919861],[223115,927830],8.53156
[223650,917538],[224917,925175],8.54148
[227202,915952],[227908,923710],8.55716
[227432,915172],[228138,922763],8.55923
[230016,913210],[231628,920787],8.57017
[230246,911930],[231858,919840],8.57236
[234125,910521],[235901,918218],8.59333
[236957,909252],[237008,916903],8.60457
[237187,908312],[237238,915956],8.60683
[238745,906988],[240451,913951],8.61617
[241372,904176],[242487,911934],8.63111
[241602,903691],[242717,910987],8.63338
[242268,902550],[243867,909917],8.64126
[243483,901638],[245082,909074],8.65061
[244534,900321],[246437,908064],8.65908
[246286,899812],[247621,907673],8.67054
[248722,898923],[249428,906599],8.68093
[248952,897976],[249658,905652],8.68406
[249209,896927],[250808,904582],8.68743
[250424,896056],[252023,903739],8.69693
[251766,895173],[253378,902729],8.70648
[253923,892109],[255038,899816],8.71659
[257491,889815],[258758,896893],8.73127
[261043,888617],[261749,895428],8.74629
[263558,885032],[265469,892505],8.75903
[263788,884478],[265699,891558],8.76059
[267806,882534],[269742,889936],8.77853
[268818,882006],[270729,889370],8.78506
[270499,880910],[272098,888418],8.7914
[270729,879851],[272328,887471],8.79283
[271944,879059],[273543,886628],8.80098
[272220,877199],[274522,884722],8.8038
[275879,875449],[277478,882582],8.81921
[276109,874502],[277708,881635],8.82087
[277324,873255],[278923,880792],8.82724
[280127,872434],[281462,879391],8.83692
[282354,871061],[283953,878604],8.84519
[283050,870059],[284649,876300],8.85029
[284265,868298],[285864,875457],8.85656
[286799,867069],[288040,873998],8.8643
[289266,866085],[291027,873232],8.87472
[289496,865138],[291257,872285],8.87641
[291546,864103],[293348,871363],8.88615
[292312,862330],[294751,869610],8.89076
[292542,861797],[294981,868663],8.89231
[295799,859838],[297716,867325],8.90434
[296029,858891],[297946,866378],8.90556
[297244,858690],[299161,865535],8.91176
[298890,856401],[300131,863774],8.91673
[299120,855454],[300361,862827],8.91786
[302938,854633],[304537,861885],8.92599
[303646,853294],[305391,860639],8.93116
[305831,851106],[307072,858439],8.93676
[306061,850266],[307302,857492],8.9379
[309975,849864],[311720,856735],8.9477
[310357,848937],[312102,856251],8.94986
[310587,847990],[312332,855304],8.95142
[312836,846162],[315516,853298],8.95873
[313066,845215],[315746,852351],8.95981
[316916,844027],[318661,851400],8.97041
[318096,843285],[320776,850163],8.97493
[318319,842217],[319918,849364],8.97666
[318549,841270],[320148,848417],8.97825
[321445,840252],[322996,846664],8.98445
[325157,837413],[326959,844028],8.99294
[325387,836466],[327189,843081],8.99398
[328941,834973],[330182,842175],8.99937
[329009,834711],[330249,841731],9.00044
[329239,833764],[330479,840784],9.00196
[331661,833358],[333467,840014],9.00591
[331891,832411],[333697,839067],9.00693
[334421,829829],[335661,836903],9.0107
[334651,828882],[335891,835956],9.01193
[338570,826949],[340156,834107],9.01654
[338800,826176],[340386,833160],9.01748
[341560,822794],[342800,829613],9.02364
[345856,821514],[347600,828372],9.02774
[346086,820567],[347830,827425],9.02867
[348506,819422],[351015,825806],9.03253
[350762,817032],[352506,823986],9.03612
[354978,816247],[356780,823376],9.04491
[355208,815300],[357010,822429],9.04568
[360121,814321],[361361,820778],9.04983
[361482,812348],[363288,819362],9.05204
[361712,811401],[363518,818415],9.05286
[364472,808359],[365712,815304],9.05691
[368391,806645],[369977,813455],9.06007
[368621,805782],[370207,812508],9.06084
[371151,804136],[372391,809908],9.06315
[407018,799191],[409186,805786],9.07011
[407248,798244],[409417,804835],9.07089
[455270,797623],[457439,804279],9.07433
[455500,796607],[457669,803332],9.07436
[459250,794971],[461418,801566],9.07461
[459480,794024],[461648,800619],9.07463
[552130,791647],[554922,798316],9.07813
[565777,790569],[570047,796611],9.07847
[601644,785894],[606842,792489],9.08079
[601874,784947],[607072,791542],9.08083
[606696,784299],[611058,790920],9.08179
[614708,782129],[617844,788315],9.08264
[614938,781182],[618074,787368],9.08278
[626178,779603],[629009,786177],9.08376
[629969,779309],[634633,785950],9.08425
[630199,778362],[634863,785003],9.0844
[633756,775876],[638420,782517],9.0849
[633986,774929],[638650,781570],9.08504
[637451,772888],[641772,778660],9.08573
[641008,770314],[645330,776170],9.08619
[673088,768820],[678337,775485],9.08701
[673318,767873],[678567,774538],9.08713
[676875,765359],[682124,772052],9.08755
[677105,765333],[682354,771105],9.08767
[725357,763830],[730606,769602],9.08804
[729107,761237],[734356,767832],9.08808
[729337,761113],[734586,766885],9.0881
[821757,759757],[827630,765529],9.08832
[821987,758810],[827860,764582],9.08834
[838040,757105],[842986,762873],9.08837
[838270,756158],[843216,761926],9.08839
[870974,754910],[877604,760682],9.08843
[873907,752983],[879780,758755],9.08845
[874137,752036],[880010,757808],9.08847
[62776,1362482],[63040,1370299],9.4424
[62795,1360915],[62830,1367220],9.44273
[62840,1356922],[63175,1363899],9.44338
[63188,1354137],[63550,1361828],9.45273
[63353,1344710],[63669,1352406],9.46166
[63396,1343444],[63712,1351263],9.46317
[63417,1339150],[63733,1346846],9.46404
[63647,1338203],[63963,1345899],9.47343
[65512,1337028],[65512,1344762],9.50633
[69012,1334433],[69012,1342014],9.57103
[70273,1333061],[70273,1340753],9.61129
[73543,1330612],[73578,1338298],9.6722
[73773,1329665],[73808,1337351],9.68074
[75322,1328504],[75357,1336214],9.7281
[80297,1327493],[80297,1334843],9.83414
[83665,1326285],[83665,1333808],9.93644
[83895,1325338],[83895,1332861],9.94259
[85975,1324476],[86010,1330677],10.0204
[89501,1322897],[89537,1329644],10.1266
[90071,1321829],[90107,1328576],10.1574
[94271,1282649],[94768,1284711],10.3065
[94361,1276398],[94864,1283040],10.3113
[94591,1275451],[95094,1282093],10.3195
[94669,1272893],[95172,1279909],10.3275
[94899,1271946],[95402,1278962],10.3412
[95234,1260952],[95542,1267385],10.3646
[95298,1255161],[95801,1262016],10.3681
[95528,1253907],[96031,1261069],10.38
[96180,1252406],[96430,1259532],10.4229
[98795,1250249],[98795,1257376],10.5228
[99025,1249302],[99025,1256429],10.5324
[100176,1248381],[100176,1255611],10.5746
[101445,1243778],[101948,1250613],10.6314
[101592,1241854],[102171,1249053],10.6428
[101822,1240907],[102401,1248106],10.6582
[102444,1239386],[102800,1246569],10.6969
[105482,1237668],[105893,1244592],10.8158
[106202,1236793],[106202,1243709],10.8472
[108723,1233426],[109188,1240299],10.9202
[108953,1232604],[109452,1238733],10.9294
[111181,1229658],[111475,1235637],11.0138
[112941,1228347],[113458,1233658],11.0848
[114825,1226065],[115098,1231908],11.142
[115890,1064870],[116445,1070242],11.1752
[116470,1061776],[117143,1066160],11.1966
[118857,1059285],[119132,1063265],11.2335
[120421,1036732],[120919,1042581],11.2593
[124470,1036055],[124594,1041723],11.2909
[124700,1035108],[124824,1040776],11.295
[128827,1020965],[128858,1026300],11.3178
[131332,1019487],[131363,1024220],11.3336
[135570,1016216],[135570,1021908],11.3666
[135800,1015269],[135800,1020961],11.3694
[143099,999436],[143637,1004968],11.4259
[143329,998489],[143867,1004021],11.4302
[147240,995500],[147586,1001102],11.4616
[151993,986300],[152037,991982],11.5105
[152223,985403],[152267,991035],11.5143
[153438,984793],[153482,990192],11.5315
[155929,982318],[156705,987772],11.5606
[158872,980198],[159208,985700],11.5891
[160379,979218],[160423,984857],11.6061
[162057,977341],[162354,982453],11.6245
[162287,976394],[162584,981506],11.6292
[166164,969754],[166374,975240],11.6738
[166394,968807],[166605,974289],11.6778
[172770,963422],[173554,968618],11.7242
[176005,961098],[176058,966542],11.7478
[179002,960332],[179002,965494],11.7705
[180978,958125],[180978,963670],11.7904
[183565,955583],[183869,960968],11.8077
[187049,952737],[187903,957789],11.8299
[190497,949474],[190497,954933],11.8553
[193792,947701],[194202,952904],11.8929
[197295,944882],[197348,950378],11.9156
[197525,944006],[197578,949431],11.9185
[198793,943088],[198793,948588],11.9315
[200005,941619],[200215,946958],11.9426
[206381,935906],[207165,941283],11.9854
[206611,934935],[207395,940336],11.9882
[209846,933022],[209899,938260],12.0092
[214537,931287],[214581,936671],12.0351
[214767,930340],[214811,935724],12.0373
[215444,930062],[215632,935275],12.0455
[217406,927494],[217710,932686],12.0589
[222502,922763],[223122,927498],12.0866
[222667,921867],[223688,927015],12.0887
[225171,919834],[226192,924939],12.1041
[226386,919154],[227407,924096],12.1155
[227909,918584],[227909,923706],12.1279
[228139,917637],[228139,922759],12.1308
[231004,915430],[231513,920444],12.1479
[232112,914862],[233133,919604],12.1576
[233327,913648],[234348,918761],12.1676
[237913,909917],[238454,915109],12.1998
[240536,908064],[240681,913004],12.22
[243135,905652],[243636,910868],12.2402
[243365,904905],[243866,909921],12.2431
[244580,904068],[245081,909078],12.2549
[247906,901880],[248927,906985],12.274
[249429,900382],[250578,905529],12.2824
[250306,899816],[250807,904586],12.2924
[251521,898895],[252022,903743],12.3043
[253492,897441],[254561,902576],12.3219
[256508,893985],[257529,898733],12.3379
[259012,891558],[260033,896657],12.3505
[260227,891109],[261248,895814],12.3585
[261980,889370],[261980,894477],12.3676
[264845,887271],[265354,892162],12.3801
[266938,886628],[267959,891426],12.3905
[267168,885790],[268189,890479],12.3925
[269204,884300],[270225,889187],12.4039
[271524,882953],[272065,887774],12.4138
[271754,882006],[272295,886827],12.4158
[275732,879885],[277325,884639],12.4317
[275991,879387],[276507,884347],12.4362
[276145,879059],[277166,883852],12.438
[277206,876524],[277707,881639],12.4455
[278421,876007],[278922,880796],12.4536
[280392,875028],[281461,879629],12.4641
[282822,873567],[283951,878550],12.4755
[283917,872285],[284418,877251],12.4818
[284147,871363],[284648,876304],12.4837
[285362,870673],[285863,875461],12.4914
[289131,868305],[289255,873155],12.5041
[290724,867325],[291745,872076],12.5116
[291965,866378],[293073,870865],12.5187
[295022,863774],[296181,868302],12.531
[295252,862827],[296411,867355],12.5326
[299983,859787],[299983,864518],12.5431
[301452,857200],[301576,861984],12.548
[304056,856251],[305245,861234],12.5592
[304286,855304],[305475,860287],12.5607
[305250,855131],[306578,859791],12.5669
[309756,851914],[310777,856517],12.5763
[309986,850967],[311007,855570],12.5778
[311227,850159],[312416,854952],12.5843
[317216,846660],[319047,851188],12.5991
[321387,843360],[322456,848201],12.6106
[321617,842413],[322686,847254],12.612
[324047,841270],[325176,846175],12.6187
[325166,841199],[326666,845910],12.6231
[325396,840252],[326896,844963],12.6245
[331719,835956],[332740,840648],12.6318
[331949,835157],[332970,839701],12.633
[335612,833160],[335662,836899],12.6382
[337131,831765],[338152,835820],12.643
[337361,830818],[338382,834873],12.6442
[342521,825806],[342570,830560],12.6503
[344040,824933],[345061,829477],12.6548
[344270,823986],[345291,828530],12.6558
[345511,823376],[346700,827912],12.66
[350037,821562],[351730,825724],12.6666
[354483,818988],[356176,823232],12.6712
[354713,818041],[356406,822285],12.6723
[357722,817026],[359415,821097],12.6812
[365433,812508],[365482,816251],12.6897
[367182,809908],[368203,814221],12.6943
[374091,803284],[375112,807878],12.7024
[375332,803075],[376521,807260],12.7055
[410656,800619],[411677,804703],12.7124
[410886,799990],[411907,803756],12.7132
[411199,798593],[413316,803138],12.7152
[458908,798316],[461338,802582],12.7193
[462888,795296],[465318,799865],12.7195
[463118,794416],[465548,798918],12.7195
[475274,794169],[477704,798671],12.7201
[555538,793046],[558592,797562],12.7229
[555768,792099],[558822,796615],12.7229
[570277,791291],[570277,795664],12.7232
[570893,790367],[573947,794910],12.7233
[571123,789396],[574177,793963],12.7233
[583279,789173],[586333,793716],12.724
[607688,786243],[610742,790788],12.7264
[607918,785296],[610972,789841],12.7264
[613700,784801],[614958,789219],12.7277
[620528,782129],[621744,786614],12.7294
[620758,781182],[621974,785667],12.7296
[631720,780174],[632909,784476],12.7308
[636251,778007],[638421,782133],12.7315
[636481,777060],[638651,781186],12.7317
[641542,775100],[641542,779607],12.732
[645329,771780],[645329,776174],12.7324
[645559,770833],[645560,775223],12.7326
[648040,770346],[649229,774473],12.7332
[648270,769399],[649459,773526],12.7333
[683594,765925],[686024,770351],12.7342
[683824,765333],[686254,769404],12.7344
[731846,764582],[734276,768848],12.7348
[735826,761926],[738256,766131],12.7348
[736056,761113],[738486,765184],12.7348
[828476,759757],[831530,763828],12.7351
[828706,758755],[831760,762881],12.7351
[842361,757105],[846885,761176],12.7352
[842591,756158],[847115,760229],12.7352
[880626,752983],[883680,757054],12.7352
[880856,752036],[883910,756107],12.7353
[62795,1363066],[62796,1367870],13.1965
[62991,1359548],[63103,1364743],13.2029
[63221,1358601],[63405,1362952],13.2154
[63414,1354137],[63651,1359253],13.2284
[65316,1339913],[65316,1345059],13.2847
[65511,1339766],[65511,1344766],13.2876
[70042,1336214],[70077,1341050],13.3663
[70272,1335375],[70307,1340103],13.3745
[73773,1332861],[73773,1338005],13.4507
[75322,1331785],[75322,1336868],13.5001
[81103,1329644],[81103,1334776],13.6299
[82615,1328576],[82652,1333639],13.6911
[83489,1328314],[83489,1333341],13.7328
[83829,1328049],[83829,1333220],13.755
[84822,1327319],[84998,1331951],13.8042
[85741,1326614],[85776,1331474],13.8505
[87413,1324512],[87559,1329540],13.9127
[88962,1324180],[88962,1328493],13.969
[90229,1323235],[90487,1327679],14.0364
[91443,1322448],[91701,1326794],14.127
[94493,1278962],[94808,1283826],14.2645
[94723,1278377],[95038,1282879],14.2765
[94838,1275920],[95153,1280505],14.2857
[95047,1275062],[95279,1279541],14.3036
[95112,1272840],[95475,1277709],14.3119
[95430,1258046],[95745,1262802],14.3425
[95639,1257075],[95871,1261838],14.3588
[95869,1256128],[96101,1260891],14.3748
[97925,1252462],[98061,1257134],14.4572
[101189,1250399],[101190,1254999],14.5627
[101800,1245508],[102115,1249839],14.5951
[102009,1244334],[102241,1248875],14.609
[102239,1243387],[102471,1247928],14.6246
[104050,1242198],[104360,1245735],14.6986
[104723,1240299],[104723,1244599],14.7233
[107156,1238733],[107157,1242609],14.805
[108543,1237195],[108637,1241715],14.855
[108764,1236203],[108910,1240937],14.8671
[108911,1235637],[109189,1240295],14.8778
[108994,1235369],[109140,1239990],14.8834
[109141,1234913],[109419,1239348],14.8926
[109215,1233908],[109529,1238554],14.9003
[109445,1232961],[109759,1237607],14.9152
[110048,1231908],[110088,1236248],14.9425
[111568,1231431],[111568,1235354],14.9902
[114805,1229790],[114845,1233047],15.0947
[115736,1077457],[115819,1079179],15.1271
[115800,1071298],[115841,1074758],15.1305
[116030,1070242],[116071,1073811],15.1371
[116235,1066160],[116444,1070246],15.1446
[116557,1063265],[116913,1067107],15.1571
[118612,1061527],[118755,1064991],15.1966
[118842,1059908],[119077,1063409],15.203
[120105,1048230],[120507,1049931],15.2211
[120169,1040776],[120570,1044375],15.2221
[131483,1021908],[131483,1025383],15.3134
[134839,1018099],[134839,1021994],15.3425
[134894,1017585],[135069,1021047],15.3429
[136163,1014724],[136674,1014724],15.3547
[136184,1007280],[136695,1010307],15.3551
[143329,1001949],[143329,1005583],15.4163
[146025,998887],[146025,1002553],15.4461
[149719,989570],[149771,992775],15.4882
[151993,988220],[152045,991646],15.5135
[152223,987273],[152275,990699],15.5173
[158819,981592],[159216,985364],15.5846
[162116,979460],[162583,981510],15.612
[164329,977513],[164381,979456],15.6433
[166021,972824],[166330,976311],15.669
[168835,969169],[168886,972828],15.6943
[169065,968222],[169116,971881],15.6983
[172593,967151],[172593,970791],15.7259
[173545,965158],[173553,968622],15.742
[179418,961815],[179418,965117],15.7909
[180971,959771],[181514,963082],15.8091
[182646,958441],[182646,962147],15.8261
[184642,957106],[184651,960653],15.8452
[184872,956159],[184881,959706],15.8494
[189273,952436],[189273,956116],15.8847
[190488,952128],[190488,955273],15.8994
[191819,951429],[191819,954617],15.9169
[192987,950378],[192988,953743],15.9305
[194334,948336],[195065,951847],15.9476
[195473,947323],[196214,950781],15.9625
[197525,946011],[197577,949435],15.978
[199862,944161],[200223,946622],15.9933
[202676,940951],[202727,944546],16.016
[202906,940004],[202957,943599],16.0192
[206425,938037],[207156,941623],16.0395
[206655,937090],[207394,940340],16.0427
[209616,935605],[209669,939207],16.0652
[209846,934658],[209898,938264],16.0685
[213142,932686],[213149,936129],16.0934
[215640,931428],[215640,934939],16.1207
[216257,931287],[216257,934812],16.1295
[216487,930340],[216487,933865],16.1331
[218713,928459],[218722,931424],16.149
[222375,924374],[223114,927834],16.1723
[223689,923706],[223689,927011],16.1882
[227178,920101],[227264,923277],16.2147
[227408,918761],[227494,922330],16.2179
[229768,917633],[229768,921201],16.233
[229998,916686],[229998,920254],16.2361
[231213,915952],[231213,919411],16.2494
[233811,914625],[234205,917942],16.265
[234041,913678],[234435,916995],16.2678
[236364,912367],[236709,915866],16.2795
[236594,911754],[236939,914919],16.2823
[239575,910983],[239661,914482],16.2993
[239805,910223],[239891,913535],16.3022
[241917,909078],[242197,912454],16.3166
[242395,908722],[242395,911459],16.3246
[243098,907764],[243637,910864],16.3338
[243328,906817],[243535,910188],16.3371
[244654,905529],[245222,908907],16.3492
[245762,904586],[245762,908083],16.3625
[246977,903743],[246977,907240],16.3743
[248698,902729],[248784,906166],16.3871
[248928,901793],[249014,905219],16.39
[249575,901625],[249933,905100],16.3994
[249805,900678],[250163,904153],16.4039
[251518,899812],[251518,903143],16.4173
[252703,898955],[252733,902300],16.4313
[256746,895548],[257104,898818],16.4598
[260034,893305],[260034,896653],16.4772
[261019,892056],[261105,894995],16.4852
[261249,891109],[261335,894048],16.4879
[263609,889530],[263609,892919],16.4999
[263839,888583],[263839,891972],16.5021
[265054,887774],[265054,891129],16.5124
[267652,886723],[268046,889660],16.5244
[267882,885774],[268276,888713],16.527
[270205,884347],[270550,887584],16.5391
[270435,883561],[270780,886637],16.5414
[274223,881639],[274521,884726],16.562
[275758,880796],[276038,884172],16.5781
[276939,879170],[277477,882586],16.5864
[277169,878550],[277376,881906],16.5886
[279373,877756],[279373,880748],16.5983
[279603,876809],[279603,879801],16.6004
[280818,875966],[280818,878958],16.6092
[283416,873800],[283774,876818],16.6196
[283646,872949],[284004,875871],16.6217
[286314,872076],[286314,875413],16.632
[286544,871247],[286544,874466],16.634
[287759,870631],[287759,873623],16.6419
[290357,868302],[290715,871483],16.6519
[290587,867183],[290945,870536],16.6538
[293780,866620],[293958,869925],16.6699
[294945,865275],[295975,868348],16.677
[297264,863518],[297927,866762],16.6868
[298912,862540],[299752,865469],16.694
[299142,861234],[299982,864522],16.6957
[301575,859126],[301575,861988],16.7057
[305871,856401],[306049,859701],16.7227
[306101,855454],[306279,858754],16.7244
[312582,851028],[312875,854023],16.7366
[313535,848937],[314583,851832],16.742
[313765,847990],[314813,850885],16.7436
[318291,846928],[319339,849707],16.7526
[318795,845707],[319843,848697],16.7573
[321476,844963],[322524,848088],16.7655
[321813,844432],[321813,847530],16.7686
[322043,843591],[322043,846583],16.7708
[322967,843285],[324015,846268],16.7769
[323471,842234],[324519,845258],16.7816
[325856,840630],[326214,843600],16.7923
[326086,839683],[326444,842653],16.794
[329867,838359],[329867,841359],16.8031
[330612,837541],[331474,840465],16.8085
[333426,835820],[333426,838879],16.8153
[336776,832004],[336776,835016],16.8277
[341958,827912],[341958,831135],16.8389
[342188,827421],[342188,830188],16.8402
[348854,824330],[348854,827331],16.8504
[348867,821644],[348867,824792],16.8506
[349097,820697],[349097,823845],16.8529
[354159,820503],[354159,823521],16.8578
[355907,819031],[356265,822001],16.861
[356808,818041],[356808,821048],16.8655
[358461,817749],[358461,820583],16.8702
[359817,816960],[359817,819860],16.8746
[363017,816251],[363017,819174],16.8786
[363247,815173],[363247,818227],16.8797
[371779,807706],[371779,810483],16.8895
[372009,806421],[372621,808961],16.8906
[378688,801334],[378688,804140],16.8951
[378918,800387],[378918,803193],16.8962
[414555,797341],[415483,800018],16.9033
[414785,796394],[415713,799071],16.9043
[443306,795664],[443306,798726],16.907
[463037,794771],[463965,797568],16.9079
[466787,793121],[467715,795798],16.9082
[467017,792174],[467945,794851],16.9082
[559437,790788],[560989,793495],16.9116
[559667,789841],[561219,792548],16.9117
[575720,788037],[576344,790843],16.9121
[575950,787090],[576574,789896],16.9121
[609411,785667],[610963,788648],16.915
[611587,784044],[613139,786721],16.9151
[611817,783097],[613369,785774],16.9152
[617280,782133],[617355,785152],16.9165
[621717,781434],[622278,784381],16.9174
[621947,780487],[622508,783434],16.9177
[635076,778593],[635076,781356],16.9189
[635306,777621],[635306,780409],16.9191
[638861,777349],[640930,780182],16.9198
[639091,776402],[641160,779235],16.92
[641867,775223],[643357,777841],16.9209
[642648,773775],[644717,776749],16.9215
[642878,772828],[644947,775802],16.9217
[648545,770292],[650035,772829],16.9224
[648775,769345],[650265,771882],16.9226
[685902,766131],[686830,768707],16.9236
[686132,765184],[687060,767760],16.9237
[734384,763828],[735312,766257],16.9242
[738134,761629],[739062,764487],16.9242
[738364,761113],[739292,763540],16.9242
[830784,759757],[832336,762184],16.9245
[831014,758810],[832566,761237],16.9246
[845577,757054],[847691,759532],16.9246
[845807,756107],[847921,758585],16.9246
[880758,754910],[882310,757337],16.9247
[882934,752983],[884486,755410],16.9247
[883164,752036],[884716,754463],16.9247
[62795,1364743],[62795,1367874],17.5661
[63025,1362952],[63060,1366273],17.5729
[63277,1359803],[63369,1363138],17.5827
[63480,1358236],[63644,1361591],17.5951
[63997,1342497],[63997,1345249],17.6209
[67269,1340103],[67269,1343440],17.68
[67463,1339046],[67499,1342493],17.6873
[71591,1336502],[71627,1339909],17.7836
[71821,1335555],[71857,1338962],17.7929
[73711,1334576],[73774,1338001],17.8544
[75323,1333439],[75323,1336864],17.917
[76921,1332123],[76921,1335485],17.9692
[81214,1331259],[81250,1334682],18.0803
[84350,1329119],[84386,1332460],18.1961
[85975,1327435],[86011,1330673],18.2924
[87524,1326280],[87560,1329536],18.3643
[90142,1325338],[90142,1328461],18.4493
[91325,1324278],[91325,1327034],18.5015
[93285,1322835],[93286,1325587],18.5839
[94204,1321893],[94205,1324645],18.6357
[94901,1277666],[95044,1280540],18.6778
[95741,1259029],[95794,1262017],18.7548
[96163,1257099],[96295,1260204],18.7893
[97080,1254994],[97143,1258072],18.8423
[98449,1253907],[98537,1257080],18.9126
[99365,1253122],[99365,1256308],18.9634
[101826,1247039],[101934,1250001],19.0639
[102533,1244446],[102665,1247241],19.1115
[104266,1242534],[104492,1245550],19.1936
[104496,1241587],[104589,1244792],19.2073
[105976,1240907],[106203,1243705],19.2738
[107156,1239990],[107156,1242613],19.3309
[108636,1238554],[108636,1241719],19.4031
[108764,1238338],[108765,1241344],19.4141
[108994,1237391],[108995,1240397],19.4299
[109214,1235768],[109459,1238732],19.4475
[109418,1234765],[109689,1237785],19.4632
[109821,1233927],[109953,1236920],19.4962
[111301,1232961],[111433,1236026],19.5701
[111796,1231908],[112060,1234709],19.6016
[112190,1231431],[112191,1234510],19.6237
[113421,1230408],[113553,1233383],19.6854
[114834,1229488],[114968,1232103],19.7455
[115940,1069861],[116240,1072430],19.7941
[116646,1064991],[116835,1067509],19.8317
[118823,1061776],[118985,1064044],19.89
[119989,1049931],[120107,1052263],19.9108
[120053,1044375],[120171,1046703],19.9117
[124700,1038531],[124735,1041186],19.9761
[135070,1020200],[135070,1021043],20.0546
[143330,1003352],[143330,1005579],20.1385
[146370,999622],[146371,1001945],20.1748
[149093,998135],[149322,1000565],20.2066
[149481,991646],[149541,993722],20.2153
[149711,990699],[149763,993111],20.2217
[155700,987436],[155751,989613],20.2925
[162161,981510],[162168,983980],20.3599
[162531,979396],[162575,981846],20.369
[164142,978940],[164143,980739],20.3942
[164372,977993],[164373,979792],20.3994
[166195,974157],[166331,976307],20.4228
[168834,970791],[168887,972824],20.4469
[177264,964002],[177264,966039],20.5331
[181462,960653],[181513,963086],20.5714
[183860,959275],[183860,961308],20.6071
[186087,956723],[186087,959203],20.6273
[187881,954375],[188133,956842],20.641
[189051,954309],[189051,956727],20.652
[190406,953419],[190407,955713],20.6617
[190636,952436],[190637,954766],20.6657
[191822,951507],[191852,953923],20.6869
[194016,950781],[194194,953240],20.7121
[198784,946622],[198784,948928],20.7738
[204173,940340],[204173,942752],20.8374
[207386,938264],[207386,940676],20.8596
[209271,936968],[209668,939211],20.872
[209501,936478],[209553,938868],20.8754
[211105,935336],[211105,937757],20.8961
[216049,932151],[216264,934480],20.9387
[216279,931204],[216494,933533],20.9436
[221197,927011],[221197,928098],20.9814
[223261,924983],[223471,926969],20.9927
[223491,924036],[223701,926022],20.9973
[229769,919087],[229769,921197],21.0438
[229999,917942],[229999,920250],21.0476
[231214,917398],[231214,919407],21.0631
[233812,915866],[234206,917938],21.0823
[234042,914919],[234436,916991],21.086
[236364,913535],[236710,915862],21.1
[236594,912586],[236940,914915],21.1034
[237810,911754],[238155,914072],21.1178
[239892,911433],[239892,913531],21.1353
[241956,910188],[242198,912450],21.1528
[242396,909160],[242396,911455],21.162
[243171,908083],[243536,910184],21.177
[244750,907177],[244751,909341],21.1958
[245763,906041],[245763,908079],21.2151
[246978,905100],[246978,907236],21.2297
[248785,904015],[248785,906162],21.2458
[249015,903068],[249015,905215],21.2492
[249576,902827],[249934,905096],21.2587
[249806,901880],[250164,904149],21.2634
[251021,901026],[251379,903306],21.2787
[251519,900935],[251519,903139],21.2877
[252704,899997],[252734,902296],21.3054
[256747,896649],[257105,898814],21.3339
[261336,891731],[261336,894044],21.3684
[263610,890812],[263610,892915],21.3832
[263840,889660],[263840,891968],21.3859
[265055,889013],[265055,891125],21.3983
[267883,886497],[268277,888709],21.4157
[270205,885396],[270551,887580],21.431
[270435,884449],[270781,886633],21.4339
[271651,883658],[271996,885790],21.4454
[273230,883346],[273801,885449],21.4567
[273460,882399],[274031,884502],21.4597
[275797,881906],[276039,884168],21.4809
[276482,881638],[277024,883687],21.4929
[276782,880748],[277147,882849],21.4997
[277012,879801],[277377,881902],21.5037
[278591,878958],[278592,881059],21.5173
[279374,878594],[279374,880744],21.5251
[279604,877647],[279604,879797],21.528
[280819,876818],[280819,878954],21.5384
[283647,873623],[284005,875867],21.556
[284862,872924],[285220,875024],21.5675
[286545,872520],[286545,874462],21.5801
[287760,871483],[287760,873619],21.5901
[289892,870761],[290250,872836],21.6032
[290358,869363],[290716,871479],21.6084
[290588,868348],[290946,870532],21.6112
[291803,867621],[292161,869689],21.622
[294568,867322],[294926,869397],21.6351
[294750,866101],[295321,868338],21.638
[294980,865469],[295551,867391],21.6413
[297264,864444],[297627,866508],21.6542
[298539,864051],[299141,866040],21.6624
[298769,863104],[299371,865093],21.6645
[300130,861586],[300130,863778],21.6731
[303123,859633],[303694,861687],21.6869
[303353,858686],[303924,860740],21.6891
[304886,858502],[305390,860643],21.6997
[305480,857492],[306050,859697],21.7056
[305710,856761],[306280,858750],21.7082
[307071,854952],[307642,857167],21.7164
[307301,854023],[307872,856220],21.7185
[310323,853646],[310865,855405],21.7294
[311827,853015],[312398,855042],21.7418
[312646,850811],[313368,852675],21.747
[312876,849707],[313598,851728],21.749
[317007,848616],[317578,850593],21.7604
[318660,847990],[319231,850128],21.7729
[318948,847875],[319306,849939],21.777
[319178,846928],[319536,848992],21.7798
[321814,845529],[321814,847526],21.7883
[322044,844715],[322044,846579],21.7902
[329868,839378],[329868,841355],21.8117
[330970,838592],[331475,840461],21.8183
[332426,838108],[332828,839536],21.8249
[332855,836531],[333256,838260],21.8287
[333085,835496],[333486,837313],21.831
[336777,833095],[336777,835012],21.8407
[339764,832379],[339765,834242],21.8471
[339994,831135],[340385,833164],21.8487
[344747,826342],[345149,828365],21.8697
[349098,821820],[349098,823841],21.879
[353393,821514],[353393,823614],21.8858
[353623,820567],[353623,822667],21.8872
[355908,820170],[356266,821997],21.8934
[356809,819174],[356809,821044],21.8986
[358069,818227],[358070,820171],21.9034
[358299,817772],[358300,819224],21.905
[359952,816951],[359953,818759],21.9108
[362676,815957],[363077,817608],21.9158
[362906,815010],[363307,816661],21.9171
[371780,808825],[371780,810479],21.9333
[372009,808359],[372010,809532],21.9346
[374568,805782],[374970,807713],21.9403
[378919,801381],[378919,803189],21.9458
[414556,798195],[415484,800014],21.9547
[414786,797248],[415714,799067],21.9558
[462808,796607],[463736,798511],21.961
[463038,795745],[463966,797564],21.961
[466788,793975],[467716,795794],21.9615
[467018,793028],[467946,794847],21.9616
[479174,792548],[480102,794600],21.9626
[559438,792489],[560384,794308],21.9678
[559668,791542],[560614,793361],21.9678
[560274,790594],[561220,792544],21.968
[588106,787765],[588731,789645],21.9695
[609412,786721],[610964,788644],21.9721
[611588,784767],[613140,786717],21.9722
[611818,783820],[613370,785770],21.9723
[617228,783298],[617356,785148],21.9747
[621782,782547],[622315,784357],21.9759
[622012,781600],[622545,783410],21.9762
[624286,780487],[624344,782449],21.9774
[635077,779725],[635077,781352],21.979
[635307,778778],[635307,780405],21.9793
[641161,777621],[641161,779231],21.9805
[641901,776749],[643356,778225],21.9814
[643489,775422],[644718,776745],21.9822
[643719,774475],[644948,775798],21.9824
[647276,772448],[648580,774021],21.9833
[647506,771878],[648810,773074],21.9836
[651626,768435],[651627,770402],21.9844
[651856,767488],[651857,769455],21.9847
[687494,764487],[688421,766284],21.9865
[687724,763540],[688651,765337],21.9867
[704088,763268],[704089,765235],21.9871
[716244,763021],[716245,764988],21.9872
[739726,761237],[740653,762064],21.9873
[832376,759532],[833321,760578],21.9877
[846482,757128],[847107,759032],21.9878
[848658,755410],[849283,757105],21.9879
[861044,754216],[861669,755911],21.9879
[884526,752983],[885471,753804],21.9879
[896912,751789],[897857,752610],21.988
[63083,1361591],[63176,1363895],22.794
[63313,1360944],[63406,1362948],22.8039
[63586,1355686],[63665,1357423],22.8249
[63650,1345055],[63732,1346850],22.8312
[63880,1344108],[63962,1345903],22.8431
[67463,1341227],[67463,1343151],22.8992
[68682,1339714],[68682,1341890],22.9389
[70078,1338948],[70078,1341046],22.9781
[71821,1337325],[71822,1339616],23.0253
[75127,1335485],[75128,1337157],23.1055
[76885,1333311],[76920,1335489],23.1562
[80261,1332629],[80296,1334847],23.2511
[82274,1331951],[82274,1334230],23.3212
[82618,1331359],[82653,1333635],23.3403
[83860,1330672],[83896,1332857],23.405
[85675,1329143],[85789,1331413],23.4964
[87379,1327493],[87414,1329626],23.6007
[88698,1327227],[88733,1329436],23.6608
[88928,1326280],[88963,1328489],23.6728
[90894,1325338],[90894,1327195],23.744
[91666,1324512],[91732,1326550],23.7817
[92539,1323940],[92540,1326145],23.836
[93250,1323673],[93285,1325591],23.8859
[94169,1323001],[94204,1324649],23.9562
[94428,1287559],[94563,1289548],23.9844
[94471,1286860],[94573,1289020],23.9869
[94492,1282443],[94626,1283992],23.9882
[94722,1281496],[94857,1283041],24.0026
[94789,1278833],[94935,1280857],24.0122
[95019,1277886],[95165,1279910],24.0333
[95097,1277666],[95210,1279715],24.0481
[95327,1276719],[95440,1278768],24.0849
[95336,1266985],[95467,1269139],24.0899
[95379,1265842],[95510,1267996],24.0941
[95400,1261425],[95531,1263579],24.0964
[95630,1260478],[95761,1262632],24.1187
[95726,1259976],[95802,1262012],24.1323
[95956,1259029],[96032,1261065],24.155
[96739,1257080],[96739,1258649],24.2078
[97079,1255990],[97142,1258076],24.232
[97814,1255768],[97926,1257671],24.2856
[98426,1254973],[98538,1257073],24.3387
[99345,1254114],[99457,1256131],24.446
[100155,1253435],[100267,1255438],24.5212
[101119,1252912],[101231,1254733],24.5961
[102021,1247005],[102163,1249058],24.6667
[102326,1246070],[102402,1248102],24.6971
[102570,1245539],[102570,1247516],24.7161
[104183,1244028],[104267,1246018],24.7916
[104413,1243081],[104497,1245071],24.8035
[106110,1241989],[106110,1243988],24.8702
[107302,1240397],[107302,1242202],24.9066
[108543,1240050],[108544,1241998],24.9577
[108764,1239299],[108764,1241348],24.9734
[108994,1238571],[108994,1240401],24.989
[109399,1236644],[109460,1238728],25.0155
[109629,1235697],[109690,1237781],25.0328
[115099,1231431],[115103,1231431],25.2139
[116074,1070242],[116273,1071897],25.2455
[116183,1069754],[116364,1071479],25.2543
[116632,1069295],[116632,1069427],25.2793
[116757,1065821],[116869,1067243],25.2876
[116987,1064874],[117099,1066296],25.2983
[118615,1064044],[118736,1065018],25.3298
[120647,1041723],[120689,1043528],25.3767
[120800,1040920],[120869,1042621],25.3818
[136284,1019487],[136285,1020200],25.5092
[143636,1004021],[143636,1004972],25.5694
[147240,1000019],[147241,1001706],25.617
[158589,985248],[158642,986911],25.7851
[158819,984301],[158871,985968],25.7901
[160078,983502],[160086,985125],25.8122
[162301,981810],[162346,982789],25.8354
[162531,980739],[162576,981842],25.8409
[164098,979412],[164151,980403],25.8657
[164328,978465],[164372,979796],25.872
[168835,971881],[168879,973160],25.9196
[170323,970144],[170332,971034],25.9443
[175431,966968],[175474,968433],25.9995
[177272,964270],[177272,965703],26.0357
[179001,964002],[179001,965498],26.0602
[187851,956727],[187894,958129],26.166
[188080,955583],[188125,957178],26.1709
[190628,953236],[190636,954770],26.198
[196170,948928],[196222,950445],26.2678
[198448,947734],[198448,949192],26.3067
[198792,946981],[198792,948592],26.3174
[202906,942752],[202950,943931],26.3623
[206400,940336],[206655,941902],26.4029
[209272,938600],[209323,939815],26.4291
[209502,937728],[209554,938864],26.4334
[213141,934935],[213150,936125],26.476
[216486,932686],[216486,933869],26.4966
[217709,931204],[217709,932690],26.5083
[224916,924036],[224916,925179],26.5603
[233595,917886],[233595,919299],26.6053
[236364,914915],[236365,916466],26.6234
[236594,913964],[236595,915519],26.627
[238154,912586],[238154,914076],26.6438
[239465,912450],[239466,913847],26.6586
[241957,911429],[241957,912764],26.6785
[242165,910983],[242166,912402],26.6814
[244750,907920],[244750,909345],26.7023
[245081,907673],[245221,908911],26.7075
[251378,901793],[251378,903310],26.7563
[253916,900673],[253917,902143],26.7762
[266519,890024],[266520,891109],26.8523
[270435,885790],[270436,887237],26.8824
[271995,884300],[271995,885794],26.8959
[272816,883910],[272817,885341],26.9066
[275798,882938],[275811,884445],26.9254
[278591,879797],[278591,881063],26.9488
[285219,873619],[285219,875028],26.9823
[287757,872567],[287758,873861],26.9979
[292160,868259],[292160,869693],27.0375
[294106,867841],[294107,869177],27.0473
[294336,866894],[294337,868230],27.0497
[297554,865093],[297626,866512],27.0661
[298769,864410],[298769,865674],27.0761
[300360,861885],[300360,862831],27.0849
[302709,860458],[302709,861583],27.0956
[306427,856684],[306428,858006],27.1155
[306657,855737],[306658,857059],27.1183
[311183,853646],[311688,854871],27.1336
[318125,848570],[318629,849536],27.1566
[322801,844793],[323305,846097],27.1747
[326214,842234],[326215,843596],27.1825
[328404,841046],[328404,842238],27.1889
[328982,840252],[328983,841486],27.1956
[332855,837313],[333257,838256],27.205
[333085,835952],[333487,837309],27.2073
[339764,832951],[339764,834246],27.2247
[353624,821562],[353624,822663],27.2595
[357312,818759],[357313,820034],27.2679
[359952,817608],[359952,818763],27.2809
[361308,816661],[361309,818036],27.2878
[362676,816301],[363078,817604],27.2934
[362906,815304],[363308,816657],27.2949
[367428,815003],[367831,815003],27.3021
[369585,812348],[369586,813590],27.313
[369815,811401],[370206,812512],27.3146
[413317,802166],[413317,803134],27.3417
[624048,781352],[624141,782547],27.363
[624278,780405],[624371,781600],27.3633
[642172,777192],[642229,778405],27.3658
[644194,775223],[644719,776361],27.3667
[644424,774475],[644949,775414],27.367
[645022,773979],[646016,774972],27.3681
[684864,767488],[684864,768770],27.3722
[736673,763540],[736674,764777],27.3741
[736903,762873],[736904,763830],27.3742
[740883,760578],[740884,761113],27.3742
[833303,759032],[833927,759761],27.3746
[848658,755911],[849282,757109],27.3747
[848888,755473],[849513,756158],27.3748
[881897,754459],[882521,755469],27.3748
[885453,752610],[886077,752987],27.3749
[63025,1366269],[63026,1366923],28.2062
[63060,1363899],[63104,1364739],28.2069
[63225,1362408],[63249,1363764],28.2134
[63644,1351267],[63668,1352410],28.2445
[68683,1340757],[68683,1341886],28.3629
[75127,1335790],[75127,1337161],28.5579
[76885,1334612],[76886,1336139],28.6144
[81249,1333621],[81249,1334686],28.7198
[82275,1332799],[82275,1334226],28.7629
[84235,1331233],[84236,1332736],28.8457
[85710,1330677],[85710,1331809],28.902
[86951,1328937],[86987,1330427],28.9587
[87358,1328489],[87393,1329947],29.0037
[88505,1328012],[88541,1329421],29.0883
[90452,1326145],[90488,1327675],29.2058
[90792,1325771],[90895,1327191],29.2392
[91199,1325591],[91235,1327070],29.2814
[91666,1325338],[91733,1326546],29.3273
[92073,1325013],[92109,1326306],29.3716
[92946,1324278],[92947,1325661],29.4559
[94428,1288729],[94530,1290163],29.5297
[94471,1287559],[94572,1289027],29.5318
[94492,1283169],[94593,1284610],29.5332
[94722,1282222],[94824,1283656],29.5484
[94800,1280536],[94901,1281479],29.5593
[95030,1279427],[95131,1280532],29.5843
[95117,1278768],[95173,1279905],29.6005
[95212,1277633],[95288,1278804],29.621
[95348,1275142],[95449,1275989],29.6566
[95355,1274156],[95463,1274156],29.662
[95365,1267996],[95466,1269146],29.6705
[95408,1267381],[95509,1268003],29.6775
[95429,1262632],[95530,1263586],29.6815
[95799,1259930],[95880,1261101],29.7505
[96029,1258983],[96110,1260154],29.7887
[97079,1257073],[97080,1258524],29.8838
[97393,1256638],[97482,1257955],29.9133
[98537,1255662],[98537,1257077],29.9946
[98871,1255286],[98871,1256441],30.0202
[99456,1254702],[99456,1256135],30.0658
[99836,1254418],[99836,1255732],30.0927
[100420,1254071],[100420,1255430],30.1381
[101799,1249293],[101900,1250620],30.2637
[101933,1249049],[101933,1250005],30.2778
[102029,1248346],[102130,1249673],30.2881
[102116,1248161],[102148,1249568],30.3054
[102157,1246792],[102250,1248138],30.3103
[102387,1245845],[102480,1247191],30.3416
[103072,1244599],[103109,1245686],30.4039
[105977,1243081],[105977,1244177],30.5562
[106926,1242202],[106927,1243556],30.6
[108543,1240653],[108543,1242002],30.6757
[108770,1240321],[108782,1241308],30.6943
[108849,1239642],[108911,1240933],30.7043
[109079,1238695],[109141,1239986],30.7259
[109221,1238338],[109221,1239684],30.7417
[109499,1236644],[109538,1237817],30.7776
[109729,1235697],[109768,1236870],30.8055
[111209,1234730],[111248,1235976],30.909
[111342,1234510],[111381,1235787],30.9192
[111836,1233611],[111875,1234659],30.964
[113316,1232100],[113368,1233333],31.0485
[114514,1231828],[114553,1233000],31.1087
[114744,1230881],[114783,1232053],31.1222
[116114,1071298],[116239,1072434],31.184
[116227,1070378],[116358,1071587],31.1929
[116756,1066296],[116834,1067513],31.2239
[116986,1065759],[117065,1066562],31.2361
[118593,1064208],[118719,1065265],31.2681
[118823,1063261],[118949,1064318],31.2768
[120800,1041719],[120835,1042887],31.3247
[124734,1040286],[124818,1040884],31.3764
[131132,1024070],[131132,1025171],31.4201
[136284,1020200],[136284,1020204],31.4581
[139199,1008227],[139199,1008231],31.4812
[156270,987436],[156270,988466],31.6787
[156483,987247],[156483,988383],31.6823
[158589,985926],[158641,986915],31.7068
[158819,984857],[158872,985964],31.7118
[160078,984078],[160087,985121],31.7348
[160432,983502],[160432,984517],31.7478
[164098,979796],[164142,980743],31.8012
[172814,969569],[172823,969844],31.8945
[175704,966303],[175712,967150],31.9199
[176050,965498],[176057,966546],31.9314
[180633,963418],[180633,964274],31.9833
[182645,961815],[182653,961815],32.0034
[184650,959706],[184650,960657],32.02
[193036,952472],[193036,953532],32.1027
[194335,951848],[194343,952733],32.1201
[195985,950445],[195992,951392],32.1355
[199928,948002],[199928,948412],32.1693
[206400,941533],[206400,942599],32.2216
[206663,940814],[206663,941566],32.229
[213142,935388],[213142,936461],32.3149
[214474,934935],[214474,935992],32.3316
[233822,917886],[234042,918628],32.4506
[239465,913008],[239465,913851],32.4911
[252701,902090],[252704,902744],32.5861
[253717,900935],[253919,901901],32.5999
[257542,896897],[257542,897740],32.6229
[267283,890024],[267283,890968],32.6688
[270435,886318],[270435,887241],32.689
[272816,884394],[272816,885345],32.7048
[277012,882679],[277026,883602],32.7341
[283610,877199],[283647,878175],32.7599
[283628,875871],[283775,876814],32.7602
[286542,873834],[286543,874704],32.775
[287757,872924],[287757,873865],32.7867
[290387,871247],[290668,872222],32.8021
[293483,868416],[293484,869369],32.821
[297554,865625],[297555,866513],32.8487
[305476,859337],[305476,860283],32.896
[311687,853912],[311687,854875],32.9285
[312876,853294],[312876,854019],32.938
[313368,852671],[313369,852671],32.9418
[326173,842238],[326445,842649],33.0101
[334701,835584],[334702,836466],33.0416
[338239,834028],[338240,834708],33.0529
[339731,832436],[339994,833299],33.0618
[341342,832177],[341343,833050],33.0705
[344746,828365],[344746,829319],33.0872
[345148,827640],[345148,828369],33.0938
[354127,821048],[354128,821653],33.1224
[357312,819224],[357312,820038],33.1312
[358299,818759],[358299,819228],33.1349
[358803,817604],[358804,818214],33.1385
[360456,816947],[360457,817749],33.1465
[364522,815003],[364523,815814],33.1556
[367830,814221],[367830,815007],33.1627
[368060,813376],[368061,814056],33.1646
[369585,812731],[369585,813594],33.1684
[374567,807216],[374969,807717],33.1817
[414785,802166],[414786,802586],33.1969
[560613,792544],[560613,793365],33.2062
[575950,789859],[575969,790709],33.2067
[620491,784341],[620585,785029],33.2113
[643718,776745],[644120,777416],33.2188
[644195,775980],[644718,776365],33.2198
[644425,774972],[644948,775418],33.2202
[645914,774144],[646015,774976],33.2216
[647275,773074],[647839,773839],33.2227
[647505,772124],[648069,772892],33.223
[651856,768770],[651856,769459],33.2248
[833551,758585],[834157,758814],33.2276
[848906,755469],[849512,756162],33.2277
[883296,754459],[883901,754914],33.2278
[885701,752036],[886307,752040],33.2278
[63665,1350609],[63711,1351267],34.1122
[65317,1344098],[65317,1345055],34.1637
[71626,1338948],[71626,1339913],34.3321
[81104,1333759],[81104,1334772],34.6054
[82615,1333094],[82615,1334105],34.6709
[84385,1331478],[84385,1332464],34.7363
[85788,1330407],[85788,1331417],34.8067
[86986,1329421],[86986,1330431],34.8967
[87379,1328697],[87413,1329630],34.9278
[92539,1325235],[92539,1326149],35.1813
[92782,1325114],[92782,1325940],35.2015
[93395,1324516],[93395,1325338],35.246
[93747,1324278],[93747,1325231],35.2772
[94784,1282572],[94849,1283528],35.3549
[94862,1280532],[94902,1281472],35.3675
[95092,1279589],[95132,1280525],35.3967
[95206,1278042],[95252,1278990],35.421
[95398,1268524],[95466,1269143],35.475
[95441,1267381],[95509,1268000],35.4819
[95462,1262964],[95530,1263583],35.4852
[95692,1262012],[95760,1262636],35.5247
[95835,1260154],[95881,1261097],35.5515
[96065,1259242],[96111,1260150],35.587
[96429,1258649],[96429,1259536],35.6396
[97887,1256441],[97952,1257383],35.7503
[98806,1255807],[98844,1256733],35.8195
[99835,1254795],[99835,1255736],35.8849
[100421,1254540],[100421,1255426],35.9306
[100749,1254340],[100749,1255264],35.9681
[101089,1254274],[101089,1255143],36.0128
[101826,1249671],[101901,1250616],36.0917
[102056,1248724],[102131,1249669],36.1196
[102205,1247185],[102251,1248134],36.1414
[102435,1246238],[102481,1247187],36.1744
[102799,1245675],[102799,1246573],36.2255
[104279,1244740],[104279,1245679],36.3434
[104412,1244626],[104412,1245490],36.3562
[108689,1240653],[108689,1241591],36.6264
[109493,1236870],[109539,1237813],36.7265
[109723,1235976],[109769,1236866],36.7582
[110048,1235371],[110087,1236252],36.8018
[111203,1235177],[111249,1235972],36.9094
[111336,1234946],[111382,1235783],36.9293
[111430,1234765],[111474,1235641],36.9471
[111567,1234511],[111567,1235358],36.9728
[111700,1234355],[111700,1235169],36.995
[111830,1233927],[111876,1234655],37.0149
[112194,1233255],[112194,1234041],37.0708
[113310,1232584],[113369,1233329],37.166
[113674,1231875],[113687,1232715],37.2001
[114738,1231293],[114784,1232049],37.2786
[115102,1230649],[115102,1231435],37.3141
[116070,1073811],[116070,1073815],37.3774
[116274,1071298],[116309,1071623],37.3888
[116756,1067513],[116800,1068050],37.4198
[116797,1066562],[116870,1067239],37.4221
[117027,1065759],[117100,1066292],37.4377
[118754,1064212],[118812,1064626],37.483
[120399,1045292],[120402,1045752],37.5317
[120918,1041723],[120924,1042477],37.546
[131362,1024066],[131362,1024224],37.6283
[136831,1009356],[136925,1009360],37.6586
[139429,1007280],[139429,1007284],37.671
[143866,1003496],[143866,1004025],37.6948
[149425,998139],[149520,998139],37.7369
[155973,988383],[155973,989002],37.8045
[172814,969565],[172814,970184],37.9789
[179756,964173],[179764,964509],38.034
[194843,951847],[194843,952458],38.15
[195066,951392],[195073,951511],38.1517
[197348,948928],[197438,949598],38.1694
[206426,941817],[206434,942509],38.2288
[206656,940870],[206664,941562],38.2364
[209316,939547],[209316,940147],38.2602
[211106,937421],[211113,937421],38.2845
[236594,914915],[236594,915523],38.3953
[237809,914203],[237810,914676],38.405
[240680,912350],[240680,913008],38.4239
[267734,890024],[267735,890266],38.55
[271650,885792],[271651,886394],38.5706
[277043,882586],[277146,882853],38.6033
[290249,872222],[290249,872840],38.6565
[290387,872143],[290388,872754],38.6583
[303923,860200],[303923,860744],38.7376
[310833,854875],[310864,855409],38.7671
[328982,841359],[328982,841490],38.8145
[329293,840480],[329294,840892],38.8195
[332827,839540],[332827,839540],38.8263
[334701,835952],[334701,836470],38.8396
[338851,834028],[338852,834133],38.8518
[354127,821044],[354127,821657],38.8853
[358803,817745],[358803,818218],38.8968
[361812,816661],[361813,817026],38.9079
[368060,813594],[368060,814060],38.9271
[368672,813376],[368673,813481],38.9321
[369586,812508],[369816,812643],38.9354
[371163,811784],[371164,812398],38.9403
[575738,791656],[575739,791656],38.9748
[612533,787534],[612534,787534],38.9765
[612763,786587],[612764,786587],38.9772
[624141,782449],[624142,782543],38.9827
[642228,777841],[642228,778409],38.9878
[643144,777395],[643358,777837],38.9889
[643718,777192],[644043,777577],38.9905
[647505,773839],[647830,774144],38.9922
[736674,763834],[736903,763834],38.9935
[740883,760578],[740883,761117],38.9935
[848676,757462],[848677,757922],38.9941
[882520,754914],[882520,755473],38.9942
[883296,754459],[883902,754910],38.9943
[63139,1363764],[63139,1364085],39.7343
[63512,1361824],[63512,1362412],39.7447
[85675,1331233],[85711,1331805],40.2546
[87326,1329630],[87326,1330310],40.3136
[88607,1328443],[88607,1329062],40.3807
[91234,1326429],[91234,1327074],40.4948
[91665,1326280],[91665,1326913],40.5243
[92783,1325338],[92783,1325936],40.5885
[94593,1283445],[94627,1283988],40.6949
[94809,1282936],[94841,1283555],40.7177
[94901,1280424],[94934,1280861],40.7352
[95131,1279589],[95164,1279914],40.7697
[95209,1278800],[95251,1278994],40.782
[95301,1278182],[95347,1278596],40.8041
[95526,1262636],[95564,1262964],40.8628
[95756,1262021],[95787,1262500],40.908
[97889,1257338],[97890,1257831],41.1323
[98062,1256519],[98062,1257130],41.1473
[99786,1255371],[99786,1255965],41.2857
[100750,1254647],[100750,1255260],41.3632
[100932,1254588],[100932,1255165],41.3799
[101675,1253946],[101676,1254467],41.4505
[101889,1249949],[101927,1250484],41.476
[102119,1249002],[102157,1249537],41.5052
[102130,1248875],[102164,1249054],41.5068
[104496,1244494],[104496,1245075],41.7083
[105892,1243992],[105892,1244596],41.7745
[108690,1241304],[108690,1241587],41.8855
[109403,1238715],[109435,1239251],41.9423
[111701,1234645],[111701,1235165],42.0962
[113648,1232100],[113688,1232711],42.206
[115736,1089377],[115736,1089377],42.2857
[115737,1088449],[115738,1088453],42.287
[115774,1079175],[115820,1079175],42.2878
[116631,1069295],[116631,1069431],42.3271
[117030,1066292],[117064,1066566],42.3577
[118803,1064044],[118848,1064352],42.4151
[118932,1063679],[118967,1064067],42.4265
[120105,1051120],[120150,1051120],42.4706
[120399,1045752],[120401,1045756],42.4745
[120800,1042477],[120834,1042891],42.4827
[124504,1041342],[124540,1041863],42.5126
[124734,1040884],[124734,1041190],42.5149
[145795,1003496],[145795,1003500],42.6044
[146370,1001945],[146370,1001949],42.6074
[147585,1001106],[147585,1001106],42.6151
[149710,992771],[149764,993107],42.6319
[152223,990699],[152268,991031],42.6532
[175474,968093],[175482,968097],42.7945
[180634,963778],[180634,964270],42.8245
[193037,953236],[193037,953528],42.9018
[209315,940147],[209315,940151],42.9733
[234041,918632],[234041,918632],43.0526
[254808,900763],[254808,900763],43.1323
[258757,896653],[258757,896897],43.1421
[270205,888184],[270206,888184],43.1736
[294336,868234],[294336,868234],43.2469
[297554,866378],[297554,866517],43.2538
[306279,858010],[306427,858010],43.2796
[306657,857063],[306657,857063],43.2825
[318125,850350],[318125,850546],43.3098
[318628,849368],[318628,849540],43.3136
[319843,848417],[319844,848693],43.3162
[364522,815818],[364522,815818],43.3962
[369815,812398],[369815,812647],43.4
[372009,809536],[372009,809536],43.4014
[414785,802590],[414785,802590],43.41
[575738,791660],[575738,791660],43.4178
[575968,790713],[575968,790713],43.4179
[610357,789461],[610358,789461],43.419
[612533,787538],[612533,787538],43.4192
[622185,784377],[622279,784377],43.4233
[643718,777294],[643969,777646],43.4301
[833551,759627],[833552,759627],43.4345
[833927,758585],[834158,758810],43.4345
[848906,756975],[848907,756975],43.4346
[885701,752853],[885702,752853],43.4346
[886077,752036],[886308,752036],43.4346
[62766,1372287],[62775,1372287],43.9593
[63644,1357423],[63664,1357427],43.9773
[69047,1341050],[69047,1341360],44.0335
[84997,1331809],[84997,1331955],44.2783
[91702,1326429],[91702,1326790],44.4723
[92946,1325231],[92946,1325665],44.5193
[93286,1325114],[93286,1325544],44.542
[94529,1290163],[94529,1290167],44.6124
[94562,1289020],[94572,1289024],44.6135
[94593,1284471],[94593,1284607],44.6148
[94809,1283153],[94840,1283559],44.631
[94901,1280928],[94928,1281340],44.65
[95131,1279981],[95158,1280393],44.6799
[97925,1257338],[97925,1257675],44.9398
[98844,1256437],[98845,1256729],44.9856
[99347,1255965],[99348,1256380],45.0151
[101090,1254733],[101090,1255139],45.1109
[101230,1254467],[101230,1254737],45.1207
[101675,1254071],[101675,1254471],45.1559
[102116,1249537],[102116,1249835],45.2039
[104413,1245071],[104413,1245486],45.297
[106926,1243149],[106926,1243560],45.3605
[109444,1238733],[109451,1238737],45.4177
[115819,1074762],[115840,1074762],45.5953
[116401,1070242],[116401,1070378],45.606
[116912,1066963],[116925,1067095],45.6327
[117142,1065802],[117155,1066148],45.6472
[118668,1065014],[118701,1065288],45.682
[118813,1064067],[118847,1064356],45.6909
[119021,1063405],[119042,1063679],45.7098
[119126,1063160],[119133,1063261],45.7176
[124471,1041831],[124504,1042137],45.7809
[124505,1041719],[124539,1041867],45.7809
[147240,1001508],[147240,1001710],45.8468
[149468,999546],[149468,999546],45.8545
[149489,993722],[149533,994058],45.8549
[153491,989609],[153491,989852],45.8796
[197224,950035],[197232,950039],46.0143
[204164,943088],[204164,943092],46.0297
[209545,939200],[209545,939204],46.0395
[219928,930581],[219937,930581],46.0572
[236364,916470],[236364,916470],46.0682
[253917,901901],[253918,901905],46.1024
[267734,890270],[267734,890270],46.1158
[270205,888188],[270205,888188],46.1193
[277012,883602],[277013,883639],46.1254
[289254,873159],[289254,873159],46.1407
[319535,848996],[319535,848996],46.171
[323304,845910],[323304,846101],46.1728
[326086,844793],[326087,844957],46.178
[329293,840784],[329293,840896],46.1833
[330480,840573],[330480,840780],46.1884
[338851,834107],[338851,834137],46.1994
[341806,832824],[341807,832824],46.2015
[344746,829315],[344747,829315],46.2035
[360456,817604],[360456,817753],46.2101
[361812,817030],[361812,817030],46.2109
[367658,815003],[367659,815006],46.2143
[368672,813455],[368672,813485],46.2152
[374567,808663],[374568,808663],46.2176
[612763,786591],[612763,786591],46.2272
[640921,779938],[640999,779942],46.2334
[643968,777294],[644121,777412],46.236
[647505,774929],[647506,774929],46.2379
[848906,756979],[848906,756979],46.2404
[63368,1362948],[63368,1363142],46.5423
[63478,1362817],[63478,1362821],46.5438
[63645,1359249],[63652,1359249],46.546
[83828,1333220],[83828,1333224],46.7295
[85775,1331331],[85775,1331478],46.7512
[90452,1328087],[90452,1328333],46.8228
[93746,1325231],[93746,1325235],46.9109
[94901,1281210],[94901,1281476],46.9621
[94971,1280393],[94971,1280671],46.9675
[95131,1280263],[95131,1280529],46.9819
[95346,1278600],[95346,1278600],47.0007
[101189,1254733],[101189,1255003],47.2248
[105976,1244181],[105976,1244181],47.3444
[107072,1243145],[107072,1243149],47.3599
[109404,1239247],[109404,1239514],47.3919
[115774,1080318],[115777,1080318],47.4823
[118667,1065821],[118667,1065825],47.5479
[118685,1065284],[118702,1065284],47.5485
[118949,1063923],[118966,1064071],47.5692
[120105,1052259],[120108,1052259],47.6128
[120150,1046699],[120172,1046699],47.6131
[124769,1040776],[124769,1040920],47.6329
[136631,1015863],[136631,1015867],47.6569
[149477,999278],[149477,999282],47.6789
[149480,995125],[149489,995129],47.6791
[156704,987772],[156704,987776],47.7053
[182423,962758],[182423,962762],47.7648
[210768,938021],[210768,938025],47.7973
[242165,912406],[242165,912406],47.8131
[277012,883602],[277012,883643],47.8336
[283646,878179],[283646,878179],47.8357
[293483,869177],[293483,869373],47.8393
[299370,865097],[299370,865097],47.8411
[302708,861587],[302708,861587],47.8416
[338239,834712],[338239,834712],47.8514
[341806,832828],[341806,832828],47.8526
[374567,808667],[374567,808667],47.858
[560383,794312],[560383,794312],47.8618
[651626,770351],[651626,770406],47.8706
[716244,764992],[716244,764992],47.8708
[753039,760866],[753040,760866],47.8709
[833551,759631],[833551,759631],47.8709
[885701,752857],[885701,752857],47.871
[898463,751789],[898464,751789],47.8711
[62766,1372291],[62774,1372291],48.0251
[63025,1366923],[63025,1366927],48.0253
[70272,1340753],[70272,1340757],48.0528
[71821,1339616],[71821,1339620],48.0678
[83488,1333224],[83488,1333345],48.1474
[93394,1325235],[93394,1325342],48.2511
[94086,1325110],[94086,1325114],48.2713
[95449,1274156],[95462,1274160],48.312
[100266,1255260],[100266,1255442],48.4184
[109418,1239247],[109418,1239352],48.5525
[116308,1071479],[116308,1071627],48.6109
[116961,1066963],[116967,1066967],48.6199
[118737,1064851],[118754,1064995],48.65
[118984,1063900],[118984,1064048],48.6644
[166294,978587],[166302,978591],48.7784
[188124,957178],[188124,957182],48.7961
[191819,954259],[191821,954375],48.7984
[192987,953743],[192987,953747],48.7998
[200171,948025],[200171,948029],48.8024
[237809,914680],[237809,914680],48.8156
[241956,912768],[241956,912768],48.8166
[271650,886398],[271650,886398],48.8249
[290668,872218],[290669,872218],48.8274
[299160,865469],[299160,865539],48.8288
[320147,848421],[320147,848421],48.8309
[326086,844961],[326086,844961],48.8313
[367658,815003],[367658,815010],48.8351
[463735,798515],[463735,798515],48.8375
[480101,794604],[480101,794604],48.8377
[588730,789649],[588730,789649],48.8383
[610357,789465],[610357,789465],48.8385
[640921,779938],[641000,779938],48.8404
[643968,777577],[643968,777650],48.8407
[644424,777294],[644491,777298],48.8423
[645559,775227],[645559,775227],48.843
[736673,764781],[736673,764781],48.8434
[848676,757926],[848676,757926],48.8435
[861668,755915],[861668,755915],48.8435
[62766,1372780],[62766,1372780],48.9297
[87378,1330280],[87378,1330284],49.0222
[92108,1326310],[92108,1326310],49.0638
[94823,1283660],[94823,1283660],49.0854
[95201,1279720],[95201,1279724],49.0895
[95778,1262500],[95778,1262531],49.1023
[97889,1257831],[97889,1257835],49.1234
[99785,1255965],[99785,1255969],49.1471
[106109,1243988],[106109,1243992],49.2171
[109403,1239514],[109403,1239518],49.2348
[113355,1233765],[113355,1233765],49.2558
[113674,1233143],[113674,1233147],49.2583
[116674,1069295],[116674,1069299],49.2747
[117191,1066016],[117197,1066020],49.2828
[118791,1064874],[118791,1064874],49.2993
[118896,1064208],[118902,1064212],49.3035
[119015,1063900],[119021,1063927],49.3094
[120148,1051116],[120151,1051116],49.3404
[132335,1024066],[132335,1024070],49.3549
[162160,983976],[162169,983976],49.383
[162301,983860],[162301,983864],49.3832
[191819,954371],[191822,954371],49.3965
[252701,902744],[252703,902748],49.4083
[256874,899680],[256875,899761],49.409
[257312,898683],[257313,898683],49.4092
[267282,890972],[267282,890972],49.4098
[294106,869181],[294106,869181],49.4116
[326172,844789],[326173,844789],49.413
[431150,798969],[431151,798969],49.4154
[624344,781596],[624372,781596],49.4183
[640921,780103],[640922,780103],49.4184
[753039,760870],[753039,760870],49.422
[898463,751793],[898463,751793],49.422
[63248,1363764],[63248,1363768],49.4801
[82614,1334105],[82614,1334109],49.5388
[84235,1332736],[84235,1332740],49.5408
[88540,1329421],[88540,1329425],49.5459
[88947,1328941],[88947,1328941],49.5466
[90827,1327554],[90827,1327558],49.5499
[92072,1326425],[92072,1326429],49.5531
[92448,1326149],[92448,1326189],49.5545
[94555,1290035],[94555,1290035],49.5637
[94619,1284475],[94619,1284475],49.5641
[94927,1281340],[94927,1281344],49.5654
[95148,1280393],[95148,1280428],49.5665
[95442,1278324],[95442,1278324],49.5688
[95449,1275982],[95449,1275986],49.5689
[95492,1269011],[95492,1269011],49.5694
[95556,1263451],[95556,1263451],49.5701
[95777,1262531],[95777,1262535],49.5722
[97079,1258524],[97079,1258528],49.5793
[99347,1256304],[99347,1256384],49.5945
[100175,1255611],[100175,1255615],49.6025
[101926,1250484],[101926,1250488],49.6209
[116363,1071479],[116363,1071483],49.6801
[116912,1067071],[116912,1067111],49.6837
[117142,1066124],[117142,1066164],49.6866
[135799,1020961],[135799,1020965],49.7248
[206433,942509],[206433,942513],49.7471
[233594,919303],[233594,919303],49.7489
[251288,904086],[251289,904086],49.7509
[257299,898683],[257312,898687],49.7515
[283621,878871],[283622,878871],49.7526
[297945,866382],[297945,866382],49.7529
[310833,856117],[310834,856117],49.7532
[318398,850483],[318399,850483],49.7534
[326172,844793],[326172,844793],49.7536
[341342,833054],[341342,833054],49.7539
[353897,822600],[353898,822600],49.7542
[357082,820981],[357083,820981],49.7542
[358573,819161],[358574,819161],49.7543
[371163,812402],[371163,812402],49.7544
[620584,785033],[620584,785033],49.755
[628309,781523],[628310,781523],49.7553
[640921,780107],[640921,780107],49.7553
[647829,774148],[647829,774148],49.7555
[686830,768703],[686831,768703],49.7555
[704088,765239],[704088,765239],49.7555
[76885,1336139],[76885,1336143],49.8274
[85975,1331331],[85975,1331331],49.8371
[96425,1260005],[96425,1260009],49.8512
[102147,1249537],[102147,1249572],49.8864
[102795,1247042],[102795,1247046],49.8909
[158633,987251],[158633,987251],49.941
[158863,986300],[158863,986304],49.9411
[162160,984316],[162160,984316],49.9415
[162345,982789],[162345,982793],49.9415
[166294,978927],[166294,978927],49.9428
[166604,974289],[166604,974293],49.9429
[169108,972213],[169108,972217],49.9435
[170323,971374],[170323,971374],49.9437
[173545,968954],[173545,968958],49.9441
[175704,967482],[175704,967486],49.9443
[176049,966882],[176049,966882],49.9444
[179755,964849],[179755,964849],49.9445
[182645,962147],[182645,962151],49.9447
[184872,960042],[184872,960046],49.9449
[190406,955713],[190406,955717],49.946
[191843,954259],[191843,954263],49.9465
[197224,950375],[197224,950375],49.9471
[197429,949934],[197429,949938],49.9471
[275797,884445],[275798,884482],49.9507
[290387,872758],[290387,872758],49.951
[296412,867351],[296412,867351],49.9512
[310833,856121],[310833,856121],49.9514
[318398,850487],[318398,850487],49.9517
[431150,798973],[431150,798973],49.9525
[644042,777581],[644042,777581],49.953
[90143,1328446],[90143,1328457],50.0107
[91326,1327030],[91326,1327030],50.0112
[108783,1241304],[108783,1241304],50.0352
[110083,1236725],[110083,1236725],50.0357
[112190,1234510],[112190,1234514],50.0361
[118785,1064978],[118785,1064982],50.039
[118896,1064316],[118896,1064320],50.0392
[119015,1064031],[119015,1064035],50.0395
[119126,1063373],[119126,1063373],50.0396
[120688,1043528],[120688,1043532],50.0406
[120918,1042581],[120918,1042585],50.0408
[124588,1041827],[124588,1041831],50.0417
[180970,964002],[180970,964006],50.0504
[191813,954711],[191813,954711],50.051
[200445,946007],[200445,946011],50.0514
[202949,943931],[202949,943935],50.0515
[211926,937308],[211926,937308],50.0519
[213141,936461],[213141,936465],50.0519
[216256,934812],[216256,934816],50.052
[217701,933022],[217701,933026],50.0521
[218713,931764],[218713,931764],50.0521
[219928,930917],[219928,930921],50.0522
[251288,904090],[251288,904090],50.053
[256874,899765],[256874,899765],50.0532
[277024,883602],[277025,883606],50.0538
[283621,878875],[283621,878875],50.0539
[318124,850550],[318124,850550],50.0543
[353897,822604],[353897,822604],50.0546
[357082,820985],[357082,820985],50.0546
[358573,819165],[358573,819165],50.0546
[622481,784279],[622482,784279],50.055
[622509,783410],[622509,783430],50.055
[624114,783392],[624115,783392],50.055
[628309,781527],[628309,781527],50.055
[647505,774933],[647505,774933],50.0551
[87379,1330280],[87379,1330280],50.0872
[95157,1280393],[95157,1280397],50.088
[95786,1262500],[95786,1262504],50.0884
[102156,1249537],[102156,1249541],50.0969
[109444,1239220],[109444,1239220],50.1021
[115817,1080103],[115817,1080103],50.1027
[115838,1075686],[115838,1075686],50.1027
[116961,1067071],[116961,1067075],50.1034
[117191,1066124],[117191,1066128],50.1036
[118809,1064847],[118809,1064851],50.104
[119039,1063900],[119039,1063904],50.1041
[120105,1053187],[120105,1053187],50.1044
[120148,1052044],[120148,1052044],50.1044
[131102,1026274],[131102,1026274],50.1059
[165087,979430],[165087,979434],50.1105
[275810,884449],[275810,884449],50.1126
[622481,784283],[622481,784283],50.1134
[644424,777395],[644425,777395],50.1137
[73543,1338948],[73543,1338952],50.1337
[83021,1333621],[83021,1333625],50.135
[116068,1074739],[116068,1074739],50.1382
[116399,1071302],[116399,1071302],50.1382
[118786,1064978],[118786,1064978],50.1386
[119016,1064031],[119016,1064031],50.1388
[120169,1047627],[120169,1047627],50.1389
[120399,1046680],[120399,1046680],50.1389
[622314,784361],[622314,784361],50.1427
[622544,783414],[622544,783414],50.1427
[624114,783396],[624114,783396],50.1427
[67233,1344094],[67233,1344098],50.1612
[90395,1328446],[90395,1328450],50.1621
[94358,1324633],[94358,1324637],50.1623
[116924,1067095],[116924,1067099],50.1634
[117154,1066148],[117154,1066152],50.1635
[246436,908068],[246436,908068],50.1645
[266519,891113],[266519,891113],50.1646
[275797,884486],[275797,884486],50.1646
[644424,777399],[644424,777399],50.1649
[647678,774926],[647678,774926],50.165
[94865,1283036],[94865,1283036],50.1837
[95202,1279715],[95202,1279720],50.1837
[102172,1249049],[102172,1249049],50.1841
[104280,1245675],[104280,1245675],50.1844
[252701,902986],[252702,902986],50.1852
[344919,829312],[344919,829312],50.1854
[374740,808660],[374740,808660],50.1855
[140645,1006437],[140645,1006437],50.2052
[149323,1000561],[149323,1000561],50.2054
[149469,999542],[149469,999542],50.2055
[149490,995125],[149490,995125],50.2057
[149534,994054],[149534,994054],50.2058
[152038,991978],[152038,991978],50.2058
[155974,988998],[155974,988998],50.2059
[156271,988462],[156271,988462],50.206
[158634,987247],[158634,987247],50.2061
[159209,985696],[159209,985696],50.2063
[162161,984312],[162161,984312],50.2064
[162302,983860],[162302,983860],50.2066
[166295,978923],[166295,978923],50.2067
[169109,972213],[169109,972213],50.2067
[170324,971370],[170324,971370],50.2069
[172815,970180],[172815,970180],50.207
[176050,966878],[176050,966878],50.2072
[176928,966303],[176928,966303],50.2073
[177273,965699],[177273,965699],50.2074
[179010,965158],[179010,965158],50.2076
[179756,964845],[179756,964845],50.2077
[180971,964002],[180971,964002],50.2077
[181506,963418],[181506,963418],50.2078
[184873,960042],[184873,960042],50.2079
[191814,954707],[191814,954707],50.208
[194195,953236],[194195,953236],50.2082
[194203,952900],[194203,952900],50.2082
[195066,951843],[195066,951843],50.2083
[196215,950777],[196215,950777],50.2084
[197225,950371],[197225,950371],50.2086
[197233,950035],[197233,950035],50.2086
[200172,948025],[200172,948025],50.2086
[202720,944878],[202720,944878],50.2087
[202728,944542],[202728,944542],50.2088
[206401,942595],[206401,942595],50.2089
[206656,941898],[206656,941898],50.2091
[209546,939200],[209546,939200],50.2091
[209891,938596],[209891,938596],50.2093
[210769,938021],[210769,938021],50.2095
[211106,937753],[211106,937753],50.2095
[211927,937304],[211927,937304],50.2096
[214475,935988],[214475,935988],50.2097
[214812,935720],[214812,935720],50.2097
[215633,935271],[215633,935271],50.2099
[215641,934935],[215641,934935],50.2099
[218492,932371],[218492,932371],50.2101
[218714,931760],[218714,931760],50.2102
[223123,927494],[223123,927494],50.2103
[223472,926965],[223472,926965],50.2105
[226193,924935],[226193,924935],50.2106
[227265,923273],[227265,923273],50.2107
[227495,922326],[227495,922326],50.2108
[252701,902990],[252701,902990],50.2108
[253916,902147],[253916,902147],50.2108
[261106,894991],[261106,894991],50.2109
[268047,889656],[268047,889656],50.211
[274032,884498],[274032,884498],50.2111
[286542,874708],[286542,874708],50.2112
[295552,867387],[295552,867387],50.2113
[298770,865670],[298770,865670],50.2114
[307873,856216],[307873,856216],50.2115
[313599,851724],[313599,851724],50.2116
[314814,850881],[314814,850881],50.2117
[317579,850589],[317579,850589],50.2118
[324520,845254],[324520,845254],50.2119
[335892,835952],[335892,835952],50.212
[339995,833295],[339995,833295],50.212
[341959,831131],[341959,831131],50.212
[342189,830184],[342189,830184],50.2121
[346701,827908],[346701,827908],50.2122
[347831,827421],[347831,827421],50.2123
[348855,827327],[348855,827327],50.2124
[348868,824788],[348868,824788],50.2125
[353394,823610],[353394,823610],50.2126
[376522,807256],[376522,807256],50.2127
[378689,804136],[378689,804136],50.2127
[443307,798722],[443307,798722],50.2128
[576575,789892],[576575,789892],50.2129
[624345,782445],[624345,782445],50.213
[644492,777294],[644492,777294],50.2131
[647840,773835],[647840,773835],50.2131
[648070,772888],[648070,772888],50.2131
[650036,772825],[650036,772825],50.2132
[650266,771878],[650266,771878],50.2132
[684865,768766],[684865,768766],50.2133
[687061,767756],[687061,767756],50.2134
[688422,766280],[688422,766280],50.2134
[688652,765333],[688652,765333],50.2135
[739293,763536],[739293,763536],50.2136
[740654,762060],[740654,762060],50.2136
[833322,760574],[833322,760574],50.2137
[847922,758581],[847922,758581],50.2137
[884717,754459],[884717,754459],50.2138
[885472,753800],[885472,753800],50.2138
[62732,1373430],[62732,1373430],50.2179
[62767,1372776],[62767,1372776],50.2181
[62831,1367216],[62831,1367216],50.2183
[63061,1366269],[63061,1366269],50.2185
[63479,1362817],[63479,1362817],50.2187
[63645,1361587],[63645,1361587],50.2189
[65547,1344108],[65547,1344108],50.2192
[73544,1338948],[73544,1338948],50.2194
[73579,1338294],[73579,1338294],50.2196
[83022,1333621],[83022,1333621],50.2198
[85976,1331327],[85976,1331327],50.22
[87394,1329943],[87394,1329943],50.2202
[88608,1329058],[88608,1329058],50.2204
[88948,1328937],[88948,1328937],50.2206
[90396,1328446],[90396,1328446],50.2208
[90453,1328329],[90453,1328329],50.221
[90828,1327554],[90828,1327554],50.2212
[91666,1326909],[91666,1326909],50.2214
[92449,1326185],[92449,1326185],50.2216
[93287,1325540],[93287,1325540],50.2218
[94087,1325110],[94087,1325110],50.222
[94556,1290031],[94556,1290031],50.2222
[94594,1284603],[94594,1284603],50.2224
[94620,1284471],[94620,1284471],50.2226
[94809,1283822],[94809,1283822],50.2228
[94850,1283524],[94850,1283524],50.2228
[94972,1280667],[94972,1280667],50.223
[95045,1280536],[95045,1280536],50.2232
[95149,1280424],[95149,1280424],50.2234
[95289,1278800],[95289,1278800],50.2236
[95443,1278320],[95443,1278320],50.2238
[95450,1275982],[95450,1275982],50.2238
[95493,1269007],[95493,1269007],50.224
[95500,1268524],[95500,1268524],50.224
[95557,1263447],[95557,1263447],50.2242
[95746,1262798],[95746,1262798],50.2243
[95872,1261834],[95872,1261834],50.2245
[96102,1260887],[96102,1260887],50.2247
[99366,1256304],[99366,1256304],50.2249
[101336,1254588],[101336,1254588],50.2251
[102242,1248871],[102242,1248871],50.2253
[102472,1247924],[102472,1247924],50.2255
[103110,1245679],[103110,1245682],50.2257
[109436,1239247],[109436,1239247],50.2258
[109445,1239216],[109445,1239216],50.226
[109530,1238550],[109530,1238550],50.226
[109760,1237603],[109760,1237603],50.226
[110084,1236721],[110084,1236721],50.2262
[113356,1233761],[113356,1233761],50.2264
[113675,1233143],[113675,1233143],50.2266
[115099,1231904],[115099,1231904],50.2268
[115737,1089373],[115737,1089373],50.227
[115739,1088449],[115739,1088449],50.227
[115775,1081242],[115775,1081242],50.227
[115818,1080099],[115818,1080099],50.2272
[115839,1075682],[115839,1075682],50.2274
[116069,1074735],[116069,1074735],50.2277
[116274,1071893],[116274,1071893],50.228
[116400,1071298],[116400,1071298],50.2283
[116801,1068046],[116801,1068046],50.2283
[116968,1066963],[116968,1066963],50.2283
[117198,1066016],[117198,1066016],50.2283
[118668,1065821],[118668,1065821],50.2285
[118686,1065798],[118686,1065798],50.2287
[118720,1065261],[118720,1065261],50.2287
[118737,1065014],[118737,1065014],50.2289
[118792,1064870],[118792,1064870],50.229
[118810,1064847],[118810,1064847],50.2292
[118813,1064622],[118813,1064622],50.2294
[118897,1064316],[118897,1064316],50.2295
[118903,1064208],[118903,1064208],50.2295
[119040,1063900],[119040,1063900],50.2297
[119043,1063675],[119043,1063675],50.2297
[119078,1063405],[119078,1063405],50.2298
[119127,1063369],[119127,1063369],50.23
[120106,1053183],[120106,1053183],50.2302
[120149,1052040],[120149,1052040],50.2303
[120170,1047623],[120170,1047623],50.2305
[120400,1046676],[120400,1046676],50.2306
[120605,1043834],[120605,1043834],50.2308
[120925,1042473],[120925,1042473],50.2308
[124505,1042133],[124505,1042133],50.2308
[124589,1041827],[124589,1041827],50.2308
[124770,1040916],[124770,1040916],50.2308
[124819,1040880],[124819,1040880],50.2308
[128534,1033910],[128534,1033910],50.231
[128565,1032803],[128565,1032803],50.2311
[128577,1032767],[128577,1032767],50.2312
[128598,1028350],[128598,1028350],50.2313
[95209,1279719],[95209,1279719],50.239
