[62731,1373434],[62731,1373434],-1e-06
[62732,1373430],[62732,1373430],-1e-06
[62766,1372780],[62766,1372780],-1e-06
[62767,1372776],[62767,1372776],-1e-06
[62774,1372291],[62774,1372291],-1e-06
[62775,1372287],[62775,1372287],-1e-06
[62795,1367874],[62795,1367874],-1e-06
[62796,1367870],[62796,1367870],-1e-06
[62830,1367220],[62830,1367220],-1e-06
[62831,1367216],[62831,1367216],-1e-06
[63025,1366927],[63025,1366927],-1e-06
[63026,1366923],[63026,1366923],-1e-06
[63060,1366273],[63060,1366273],-1e-06
[63061,1366269],[63061,1366269],-1e-06
[63103,1364743],[63103,1364743],-1e-06
[63104,1364739],[63104,1364739],-1e-06
[63138,1364089],[63138,1364089],-1e-06
[63139,1364085],[63139,1364085],-1e-06
[63175,1363899],[63175,1363899],-1e-06
[63176,1363895],[63176,1363895],-1e-06
[63248,1363768],[63248,1363768],-1e-06
[63249,1363764],[63249,1363764],-1e-06
[63368,1363142],[63368,1363142],-1e-06
[63369,1363138],[63369,1363138],-1e-06
[63405,1362952],[63405,1362952],-1e-06
[63406,1362948],[63406,1362948],-1e-06
[63478,1362821],[63478,1362821],-1e-06
[63479,1362817],[63479,1362817],-1e-06
[63512,1362412],[63512,1362412],-1e-06
[63513,1362408],[63513,1362408],-1e-06
[63550,1361828],[63550,1361828],-1e-06
[63551,1361824],[63551,1361824],-1e-06
[63644,1361591],[63644,1361591],-1e-06
[63645,1361587],[63645,1361587],-1e-06
[63651,1359253],[63651,1359253],-1e-06
[63652,1359249],[63652,1359249],-1e-06
[63664,1357427],[63664,1357427],-1e-06
[63665,1357423],[63665,1357423],-1e-06
[63668,1352410],[63668,1352410],-1e-06
[63669,1352406],[63669,1352406],-1e-06
[63703,1351756],[63703,1351756],-1e-06
[63704,1351752],[63704,1351752],-1e-06
[63711,1351267],[63711,1351267],-1e-06
[63712,1351263],[63712,1351263],-1e-06
[63732,1346850],[63732,1346850],-1e-06
[63733,1346846],[63733,1346846],-1e-06
[63767,1346196],[63767,1346196],-1e-06
[63768,1346192],[63768,1346192],-1e-06
[63962,1345903],[63962,1345903],-1e-06
[63963,1345899],[63963,1345899],-1e-06
[63997,1345249],[63997,1345249],-1e-06
[63998,1345245],[63998,1345245],-1e-06
[65316,1345059],[65316,1345059],-1e-06
[65317,1345055],[65317,1345055],-1e-06
[65511,1344766],[65511,1344766],-1e-06
[65512,1344762],[65512,1344762],-1e-06
[65546,1344112],[65546,1344112],-1e-06
[65547,1344108],[65547,1344108],-1e-06
[67233,1344098],[67233,1344098],-1e-06
[67234,1344094],[67234,1344094],-1e-06
[67268,1343444],[67268,1343444],-1e-06
[67269,1343440],[67269,1343440],-1e-06
[67463,1343151],[67463,1343151],-1e-06
[67464,1343147],[67464,1343147],-1e-06
[67498,1342497],[67498,1342497],-1e-06
[67499,1342493],[67499,1342493],-1e-06
[68682,1341890],[68682,1341890],-1e-06
[68683,1341886],[68683,1341886],-1e-06
[69047,1341360],[69047,1341360],-1e-06
[69048,1341356],[69048,1341356],-1e-06
[70077,1341050],[70077,1341050],-1e-06
[70078,1341046],[70078,1341046],-1e-06
[70272,1340757],[70272,1340757],-1e-06
[70273,1340753],[70273,1340753],-1e-06
[70307,1340103],[70307,1340103],-1e-06
[70308,1340099],[70308,1340099],-1e-06
[71626,1339913],[71626,1339913],-1e-06
[71627,1339909],[71627,1339909],-1e-06
[71821,1339620],[71821,1339620],-1e-06
[71822,1339616],[71822,1339616],-1e-06
[71856,1338966],[71856,1338966],-1e-06
[71857,1338962],[71857,1338962],-1e-06
[73543,1338952],[73543,1338952],-1e-06
[73544,1338948],[73544,1338948],-1e-06
[73578,1338298],[73578,1338298],-1e-06
[73579,1338294],[73579,1338294],-1e-06
[73773,1338005],[73773,1338005],-1e-06
[73774,1338001],[73774,1338001],-1e-06
[73808,1337351],[73808,1337351],-1e-06
[73809,1337347],[73809,1337347],-1e-06
[75127,1337161],[75127,1337161],-1e-06
[75128,1337157],[75128,1337157],-1e-06
[75322,1336868],[75322,1336868],-1e-06
[75323,1336864],[75323,1336864],-1e-06
[75357,1336214],[75357,1336214],-1e-06
[75358,1336210],[75358,1336210],-1e-06
[76885,1336143],[76885,1336143],-1e-06
[76886,1336139],[76886,1336139],-1e-06
[76920,1335489],[76920,1335489],-1e-06
[76921,1335485],[76921,1335485],-1e-06
[80296,1334847],[80296,1334847],-1e-06
[80297,1334843],[80297,1334843],-1e-06
[81103,1334776],[81103,1334776],-1e-06
[81104,1334772],[81104,1334772],-1e-06
[81249,1334686],[81249,1334686],-1e-06
[81250,1334682],[81250,1334682],-1e-06
[82274,1334230],[82274,1334230],-1e-06
[82275,1334226],[82275,1334226],-1e-06
[82614,1334109],[82614,1334109],-1e-06
[82615,1334105],[82615,1334105],-1e-06
[82652,1333639],[82652,1333639],-1e-06
[82653,1333635],[82653,1333635],-1e-06
[83021,1333625],[83021,1333625],-1e-06
[83022,1333621],[83022,1333621],-1e-06
[83488,1333345],[83488,1333345],-1e-06
[83489,1333341],[83489,1333341],-1e-06
[83828,1333224],[83828,1333224],-1e-06
[83829,1333220],[83829,1333220],-1e-06
[83895,1332861],[83895,1332861],-1e-06
[83896,1332857],[83896,1332857],-1e-06
[84235,1332740],[84235,1332740],-1e-06
[84236,1332736],[84236,1332736],-1e-06
[84385,1332464],[84385,1332464],-1e-06
[84386,1332460],[84386,1332460],-1e-06
[84997,1331955],[84997,1331955],-1e-06
[84998,1331951],[84998,1331951],-1e-06
[85710,1331809],[85710,1331809],-1e-06
[85711,1331805],[85711,1331805],-1e-06
[85775,1331478],[85775,1331478],-1e-06
[85776,1331474],[85776,1331474],-1e-06
[85788,1331417],[85788,1331417],-1e-06
[85789,1331413],[85789,1331413],-1e-06
[85975,1331331],[85975,1331331],-1e-06
[85976,1331327],[85976,1331327],-1e-06
[86010,1330677],[86010,1330677],-1e-06
[86011,1330673],[86011,1330673],-1e-06
[86986,1330431],[86986,1330431],-1e-06
[86987,1330427],[86987,1330427],-1e-06
[87326,1330310],[87326,1330310],-1e-06
[87327,1330306],[87327,1330306],-1e-06
[87378,1330284],[87378,1330284],-1e-06
[87379,1330280],[87379,1330280],-1e-06
[87393,1329947],[87393,1329947],-1e-06
[87394,1329943],[87394,1329943],-1e-06
[87413,1329630],[87413,1329630],-1e-06
[87414,1329626],[87414,1329626],-1e-06
[87559,1329540],[87559,1329540],-1e-06
[87560,1329536],[87560,1329536],-1e-06
[88540,1329425],[88540,1329425],-1e-06
[88541,1329421],[88541,1329421],-1e-06
[88607,1329062],[88607,1329062],-1e-06
[88608,1329058],[88608,1329058],-1e-06
[88947,1328941],[88947,1328941],-1e-06
[88948,1328937],[88948,1328937],-1e-06
[88962,1328493],[88962,1328493],-1e-06
[88963,1328489],[88963,1328489],-1e-06
[90142,1328461],[90142,1328461],-1e-06
[90143,1328457],[90143,1328457],-1e-06
[90395,1328450],[90395,1328450],-1e-06
[90396,1328446],[90396,1328446],-1e-06
[90452,1328333],[90452,1328333],-1e-06
[90453,1328329],[90453,1328329],-1e-06
[90487,1327679],[90487,1327679],-1e-06
[90488,1327675],[90488,1327675],-1e-06
[90827,1327558],[90827,1327558],-1e-06
[90828,1327554],[90828,1327554],-1e-06
[90894,1327195],[90894,1327195],-1e-06
[90895,1327191],[90895,1327191],-1e-06
[91234,1327074],[91234,1327074],-1e-06
[91235,1327070],[91235,1327070],-1e-06
[91325,1327034],[91325,1327034],-1e-06
[91326,1327030],[91326,1327030],-1e-06
[91665,1326913],[91665,1326913],-1e-06
[91666,1326909],[91666,1326909],-1e-06
[91701,1326794],[91701,1326794],-1e-06
[91702,1326790],[91702,1326790],-1e-06
[91732,1326550],[91732,1326550],-1e-06
[91733,1326546],[91733,1326546],-1e-06
[92072,1326429],[92072,1326429],-1e-06
[92073,1326425],[92073,1326425],-1e-06
[92108,1326310],[92108,1326310],-1e-06
[92109,1326306],[92109,1326306],-1e-06
[92448,1326189],[92448,1326189],-1e-06
[92449,1326185],[92449,1326185],-1e-06
[92539,1326149],[92539,1326149],-1e-06
[92540,1326145],[92540,1326145],-1e-06
[92782,1325940],[92782,1325940],-1e-06
[92783,1325936],[92783,1325936],-1e-06
[92946,1325665],[92946,1325665],-1e-06
[92947,1325661],[92947,1325661],-1e-06
[93285,1325591],[93285,1325591],-1e-06
[93286,1325544],[93286,1325544],-1e-06
[93287,1325540],[93287,1325540],-1e-06
[93394,1325342],[93394,1325342],-1e-06
[93395,1325338],[93395,1325338],-1e-06
[93746,1325235],[93746,1325235],-1e-06
[93747,1325231],[93747,1325231],-1e-06
[94086,1325114],[94086,1325114],-1e-06
[94087,1325110],[94087,1325110],-1e-06
[94204,1324649],[94204,1324649],-1e-06
[94205,1324645],[94205,1324645],-1e-06
[94358,1324637],[94358,1324637],-1e-06
[94359,1324633],[94359,1324633],-1e-06
[94529,1290167],[94529,1290167],-1e-06
[94530,1290163],[94530,1290163],-1e-06
[94555,1290035],[94555,1290035],-1e-06
[94556,1290031],[94556,1290031],-1e-06
[94562,1289552],[94562,1289552],-1e-06
[94563,1289548],[94563,1289548],-1e-06
[94572,1289024],[94572,1289024],-1e-06
[94573,1289020],[94573,1289020],-1e-06
[94593,1284607],[94593,1284607],-1e-06
[94594,1284603],[94594,1284603],-1e-06
[94619,1284475],[94619,1284475],-1e-06
[94620,1284471],[94620,1284471],-1e-06
[94626,1283992],[94626,1283992],-1e-06
[94627,1283988],[94627,1283988],-1e-06
[94808,1283826],[94808,1283826],-1e-06
[94809,1283822],[94809,1283822],-1e-06
[94823,1283660],[94823,1283660],-1e-06
[94824,1283656],[94824,1283656],-1e-06
[94840,1283559],[94840,1283559],-1e-06
[94841,1283555],[94841,1283555],-1e-06
[94849,1283528],[94849,1283528],-1e-06
[94850,1283524],[94850,1283524],-1e-06
[94856,1283045],[94856,1283045],-1e-06
[94857,1283041],[94857,1283041],-1e-06
[94864,1283040],[94864,1283040],-1e-06
[94865,1283036],[94865,1283036],-1e-06
[94901,1281476],[94901,1281476],-1e-06
[94902,1281472],[94902,1281472],-1e-06
[94927,1281344],[94927,1281344],-1e-06
[94928,1281340],[94928,1281340],-1e-06
[94934,1280861],[94934,1280861],-1e-06
[94935,1280857],[94935,1280857],-1e-06
[94971,1280671],[94971,1280671],-1e-06
[94972,1280667],[94972,1280667],-1e-06
[95044,1280540],[95044,1280540],-1e-06
[95045,1280536],[95045,1280536],-1e-06
[95131,1280529],[95131,1280529],-1e-06
[95132,1280525],[95132,1280525],-1e-06
[95148,1280428],[95148,1280428],-1e-06
[95149,1280424],[95149,1280424],-1e-06
[95157,1280397],[95157,1280397],-1e-06
[95158,1280393],[95158,1280393],-1e-06
[95164,1279914],[95164,1279914],-1e-06
[95165,1279910],[95165,1279910],-1e-06
[95172,1279909],[95172,1279909],-1e-06
[95173,1279905],[95173,1279905],-1e-06
[95201,1279724],[95201,1279724],-1e-06
[95202,1279720],[95202,1279720],-1e-06
[95209,1279719],[95209,1279719],-1e-06
[95210,1279715],[95210,1279715],-1e-06
[95251,1278994],[95251,1278994],-1e-06
[95252,1278990],[95252,1278990],-1e-06
[95288,1278804],[95288,1278804],-1e-06
[95289,1278800],[95289,1278800],-1e-06
[95346,1278600],[95346,1278600],-1e-06
[95347,1278596],[95347,1278596],-1e-06
[95442,1278324],[95442,1278324],-1e-06
[95443,1278320],[95443,1278320],-1e-06
[95449,1275986],[95449,1275986],-1e-06
[95450,1275982],[95450,1275982],-1e-06
[95462,1274160],[95462,1274160],-1e-06
[95463,1274156],[95463,1274156],-1e-06
[95466,1269143],[95466,1269143],-1e-06
[95467,1269139],[95467,1269139],-1e-06
[95492,1269011],[95492,1269011],-1e-06
[95493,1269007],[95493,1269007],-1e-06
[95499,1268528],[95499,1268528],-1e-06
[95500,1268524],[95500,1268524],-1e-06
[95509,1268000],[95509,1268000],-1e-06
[95510,1267996],[95510,1267996],-1e-06
[95530,1263583],[95530,1263583],-1e-06
[95531,1263579],[95531,1263579],-1e-06
[95556,1263451],[95556,1263451],-1e-06
[95557,1263447],[95557,1263447],-1e-06
[95563,1262968],[95563,1262968],-1e-06
[95564,1262964],[95564,1262964],-1e-06
[95745,1262802],[95745,1262802],-1e-06
[95746,1262798],[95746,1262798],-1e-06
[95760,1262636],[95760,1262636],-1e-06
[95761,1262632],[95761,1262632],-1e-06
[95777,1262535],[95777,1262535],-1e-06
[95778,1262531],[95778,1262531],-1e-06
[95786,1262504],[95786,1262504],-1e-06
[95787,1262500],[95787,1262500],-1e-06
[95793,1262021],[95793,1262021],-1e-06
[95794,1262017],[95794,1262017],-1e-06
[95801,1262016],[95801,1262016],-1e-06
[95802,1262012],[95802,1262012],-1e-06
[95871,1261838],[95871,1261838],-1e-06
[95872,1261834],[95872,1261834],-1e-06
[95880,1261101],[95880,1261101],-1e-06
[95881,1261097],[95881,1261097],-1e-06
[96031,1261069],[96031,1261069],-1e-06
[96032,1261065],[96032,1261065],-1e-06
[96101,1260891],[96101,1260891],-1e-06
[96102,1260887],[96102,1260887],-1e-06
[96110,1260154],[96110,1260154],-1e-06
[96111,1260150],[96111,1260150],-1e-06
[96425,1260009],[96425,1260009],-1e-06
[96426,1260005],[96426,1260005],-1e-06
[96429,1259536],[96429,1259536],-1e-06
[96430,1259532],[96430,1259532],-1e-06
[96739,1258649],[96739,1258649],-1e-06
[96740,1258645],[96740,1258645],-1e-06
[97079,1258528],[97079,1258528],-1e-06
[97080,1258524],[97080,1258524],-1e-06
[97142,1258076],[97142,1258076],-1e-06
[97143,1258072],[97143,1258072],-1e-06
[97482,1257955],[97482,1257955],-1e-06
[97483,1257951],[97483,1257951],-1e-06
[97889,1257835],[97889,1257835],-1e-06
[97890,1257831],[97890,1257831],-1e-06
[97925,1257675],[97925,1257675],-1e-06
[97926,1257671],[97926,1257671],-1e-06
[97952,1257383],[97952,1257383],-1e-06
[97953,1257379],[97953,1257379],-1e-06
[98061,1257134],[98061,1257134],-1e-06
[98062,1257130],[98062,1257130],-1e-06
[98537,1257077],[98537,1257077],-1e-06
[98538,1257073],[98538,1257073],-1e-06
[98844,1256733],[98844,1256733],-1e-06
[98845,1256729],[98845,1256729],-1e-06
[98871,1256441],[98871,1256441],-1e-06
[98872,1256437],[98872,1256437],-1e-06
[99025,1256429],[99025,1256429],-1e-06
[99026,1256425],[99026,1256425],-1e-06
[99347,1256384],[99347,1256384],-1e-06
[99348,1256380],[99348,1256380],-1e-06
[99365,1256308],[99365,1256308],-1e-06
[99366,1256304],[99366,1256304],-1e-06
[99456,1256135],[99456,1256135],-1e-06
[99457,1256131],[99457,1256131],-1e-06
[99785,1255969],[99785,1255969],-1e-06
[99786,1255965],[99786,1255965],-1e-06
[99835,1255736],[99835,1255736],-1e-06
[99836,1255732],[99836,1255732],-1e-06
[100175,1255615],[100175,1255615],-1e-06
[100176,1255611],[100176,1255611],-1e-06
[100266,1255442],[100266,1255442],-1e-06
[100267,1255438],[100267,1255438],-1e-06
[100420,1255430],[100420,1255430],-1e-06
[100421,1255426],[100421,1255426],-1e-06
[100749,1255264],[100749,1255264],-1e-06
[100750,1255260],[100750,1255260],-1e-06
[100932,1255165],[100932,1255165],-1e-06
[100933,1255161],[100933,1255161],-1e-06
[101089,1255143],[101089,1255143],-1e-06
[101090,1255139],[101090,1255139],-1e-06
[101189,1255003],[101189,1255003],-1e-06
[101190,1254999],[101190,1254999],-1e-06
[101230,1254737],[101230,1254737],-1e-06
[101231,1254733],[101231,1254733],-1e-06
[101335,1254592],[101335,1254592],-1e-06
[101336,1254588],[101336,1254588],-1e-06
[101675,1254471],[101675,1254471],-1e-06
[101676,1254467],[101676,1254467],-1e-06
[101900,1250620],[101900,1250620],-1e-06
[101901,1250616],[101901,1250616],-1e-06
[101926,1250488],[101926,1250488],-1e-06
[101927,1250484],[101927,1250484],-1e-06
[101933,1250005],[101933,1250005],-1e-06
[101934,1250001],[101934,1250001],-1e-06
[102115,1249839],[102115,1249839],-1e-06
[102116,1249835],[102116,1249835],-1e-06
[102130,1249673],[102130,1249673],-1e-06
[102131,1249669],[102131,1249669],-1e-06
[102147,1249572],[102147,1249572],-1e-06
[102148,1249568],[102148,1249568],-1e-06
[102156,1249541],[102156,1249541],-1e-06
[102157,1249537],[102157,1249537],-1e-06
[102163,1249058],[102163,1249058],-1e-06
[102164,1249054],[102164,1249054],-1e-06
[102171,1249053],[102171,1249053],-1e-06
[102172,1249049],[102172,1249049],-1e-06
[102241,1248875],[102241,1248875],-1e-06
[102242,1248871],[102242,1248871],-1e-06
[102250,1248138],[102250,1248138],-1e-06
[102251,1248134],[102251,1248134],-1e-06
[102401,1248106],[102401,1248106],-1e-06
[102402,1248102],[102402,1248102],-1e-06
[102471,1247928],[102471,1247928],-1e-06
[102472,1247924],[102472,1247924],-1e-06
[102480,1247191],[102480,1247191],-1e-06
[102481,1247187],[102481,1247187],-1e-06
[102795,1247046],[102795,1247046],-1e-06
[102796,1247042],[102796,1247042],-1e-06
[102799,1246573],[102799,1246573],-1e-06
[102800,1246569],[102800,1246569],-1e-06
[103109,1245686],[103109,1245686],-1e-06
[103110,1245682],[103110,1245682],-1e-06
[104279,1245679],[104279,1245679],-1e-06
[104280,1245675],[104280,1245675],-1e-06
[104412,1245490],[104412,1245490],-1e-06
[104413,1245486],[104413,1245486],-1e-06
[104496,1245075],[104496,1245075],-1e-06
[104497,1245071],[104497,1245071],-1e-06
[104589,1244792],[104589,1244792],-1e-06
[104590,1244788],[104590,1244788],-1e-06
[104722,1244603],[104722,1244603],-1e-06
[104723,1244599],[104723,1244599],-1e-06
[105892,1244596],[105892,1244596],-1e-06
[105893,1244592],[105893,1244592],-1e-06
[105976,1244181],[105976,1244181],-1e-06
[105977,1244177],[105977,1244177],-1e-06
[106109,1243992],[106109,1243992],-1e-06
[106110,1243988],[106110,1243988],-1e-06
[106202,1243709],[106202,1243709],-1e-06
[106203,1243705],[106203,1243705],-1e-06
[106926,1243560],[106926,1243560],-1e-06
[106927,1243556],[106927,1243556],-1e-06
[107072,1243149],[107072,1243149],-1e-06
[107073,1243145],[107073,1243145],-1e-06
[107156,1242613],[107156,1242613],-1e-06
[107157,1242609],[107157,1242609],-1e-06
[107302,1242202],[107302,1242202],-1e-06
[107303,1242198],[107303,1242198],-1e-06
[108543,1242002],[108543,1242002],-1e-06
[108544,1241998],[108544,1241998],-1e-06
[108636,1241719],[108636,1241719],-1e-06
[108637,1241715],[108637,1241715],-1e-06
[108689,1241591],[108689,1241591],-1e-06
[108690,1241587],[108690,1241587],-1e-06
[108764,1241348],[108764,1241348],-1e-06
[108765,1241344],[108765,1241344],-1e-06
[108782,1241308],[108782,1241308],-1e-06
[108783,1241304],[108783,1241304],-1e-06
[108910,1240937],[108910,1240937],-1e-06
[108911,1240933],[108911,1240933],-1e-06
[108994,1240401],[108994,1240401],-1e-06
[108995,1240397],[108995,1240397],-1e-06
[109140,1239990],[109140,1239990],-1e-06
[109141,1239986],[109141,1239986],-1e-06
[109221,1239684],[109221,1239684],-1e-06
[109222,1239680],[109222,1239680],-1e-06
[109403,1239518],[109403,1239518],-1e-06
[109404,1239514],[109404,1239514],-1e-06
[109418,1239352],[109418,1239352],-1e-06
[109419,1239348],[109419,1239348],-1e-06
[109435,1239251],[109435,1239251],-1e-06
[109436,1239247],[109436,1239247],-1e-06
[109444,1239220],[109444,1239220],-1e-06
[109445,1239216],[109445,1239216],-1e-06
[109451,1238737],[109451,1238737],-1e-06
[109452,1238733],[109452,1238733],-1e-06
[109459,1238732],[109459,1238732],-1e-06
[109460,1238728],[109460,1238728],-1e-06
[109529,1238554],[109529,1238554],-1e-06
[109530,1238550],[109530,1238550],-1e-06
[109538,1237817],[109538,1237817],-1e-06
[109539,1237813],[109539,1237813],-1e-06
[109689,1237785],[109689,1237785],-1e-06
[109690,1237781],[109690,1237781],-1e-06
[109759,1237607],[109759,1237607],-1e-06
[109760,1237603],[109760,1237603],-1e-06
[109768,1236870],[109768,1236870],-1e-06
[109769,1236866],[109769,1236866],-1e-06
[110083,1236725],[110083,1236725],-1e-06
[110084,1236721],[110084,1236721],-1e-06
[110087,1236252],[110087,1236252],-1e-06
[110088,1236248],[110088,1236248],-1e-06
[111248,1235976],[111248,1235976],-1e-06
[111249,1235972],[111249,1235972],-1e-06
[111381,1235787],[111381,1235787],-1e-06
[111382,1235783],[111382,1235783],-1e-06
[111474,1235641],[111474,1235641],-1e-06
[111475,1235637],[111475,1235637],-1e-06
[111567,1235358],[111567,1235358],-1e-06
[111568,1235354],[111568,1235354],-1e-06
[111700,1235169],[111700,1235169],-1e-06
[111701,1235165],[111701,1235165],-1e-06
[111875,1234659],[111875,1234659],-1e-06
[111876,1234655],[111876,1234655],-1e-06
[112190,1234514],[112190,1234514],-1e-06
[112191,1234510],[112191,1234510],-1e-06
[112194,1234041],[112194,1234041],-1e-06
[112195,1234037],[112195,1234037],-1e-06
[113355,1233765],[113355,1233765],-1e-06
[113356,1233761],[113356,1233761],-1e-06
[113368,1233333],[113368,1233333],-1e-06
[113369,1233329],[113369,1233329],-1e-06
[113674,1233147],[113674,1233147],-1e-06
[113675,1233143],[113675,1233143],-1e-06
[113687,1232715],[113687,1232715],-1e-06
[113688,1232711],[113688,1232711],-1e-06
[114783,1232053],[114783,1232053],-1e-06
[114784,1232049],[114784,1232049],-1e-06
[115098,1231908],[115098,1231908],-1e-06
[115099,1231904],[115099,1231904],-1e-06
[115102,1231435],[115102,1231435],-1e-06
[115103,1231431],[115103,1231431],-1e-06
[115736,1089377],[115736,1089377],-1e-06
[115737,1089373],[115737,1089373],-1e-06
[115738,1088453],[115738,1088453],-1e-06
[115739,1088449],[115739,1088449],-1e-06
[115774,1081246],[115774,1081246],-1e-06
[115775,1081242],[115775,1081242],-1e-06
[115776,1080322],[115776,1080322],-1e-06
[115777,1080318],[115777,1080318],-1e-06
[115817,1080103],[115817,1080103],-1e-06
[115818,1080099],[115818,1080099],-1e-06
[115819,1079179],[115819,1079179],-1e-06
[115820,1079175],[115820,1079175],-1e-06
[115838,1075686],[115838,1075686],-1e-06
[115839,1075682],[115839,1075682],-1e-06
[115840,1074762],[115840,1074762],-1e-06
[115841,1074758],[115841,1074758],-1e-06
[116068,1074739],[116068,1074739],-1e-06
[116069,1074735],[116069,1074735],-1e-06
[116070,1073815],[116070,1073815],-1e-06
[116071,1073811],[116071,1073811],-1e-06
[116239,1072434],[116239,1072434],-1e-06
[116240,1072430],[116240,1072430],-1e-06
[116273,1071897],[116273,1071897],-1e-06
[116274,1071893],[116274,1071893],-1e-06
[116308,1071627],[116308,1071627],-1e-06
[116309,1071623],[116309,1071623],-1e-06
[116357,1071591],[116357,1071591],-1e-06
[116358,1071587],[116358,1071587],-1e-06
[116363,1071483],[116363,1071483],-1e-06
[116364,1071479],[116364,1071479],-1e-06
[116399,1071302],[116399,1071302],-1e-06
[116400,1071298],[116400,1071298],-1e-06
[116401,1070378],[116401,1070378],-1e-06
[116402,1070374],[116402,1070374],-1e-06
[116444,1070246],[116444,1070246],-1e-06
[116445,1070242],[116445,1070242],-1e-06
[116631,1069431],[116631,1069431],-1e-06
[116632,1069427],[116632,1069427],-1e-06
[116674,1069299],[116674,1069299],-1e-06
[116675,1069295],[116675,1069295],-1e-06
[116800,1068050],[116800,1068050],-1e-06
[116801,1068046],[116801,1068046],-1e-06
[116834,1067513],[116834,1067513],-1e-06
[116835,1067509],[116835,1067509],-1e-06
[116869,1067243],[116869,1067243],-1e-06
[116870,1067239],[116870,1067239],-1e-06
[116912,1067111],[116912,1067111],-1e-06
[116913,1067107],[116913,1067107],-1e-06
[116924,1067099],[116924,1067099],-1e-06
[116925,1067095],[116925,1067095],-1e-06
[116961,1067075],[116961,1067075],-1e-06
[116962,1067071],[116962,1067071],-1e-06
[116967,1066967],[116967,1066967],-1e-06
[116968,1066963],[116968,1066963],-1e-06
[117064,1066566],[117064,1066566],-1e-06
[117065,1066562],[117065,1066562],-1e-06
[117099,1066296],[117099,1066296],-1e-06
[117100,1066292],[117100,1066292],-1e-06
[117142,1066164],[117142,1066164],-1e-06
[117143,1066160],[117143,1066160],-1e-06
[117154,1066152],[117154,1066152],-1e-06
[117155,1066148],[117155,1066148],-1e-06
[117191,1066128],[117191,1066128],-1e-06
[117192,1066124],[117192,1066124],-1e-06
[117197,1066020],[117197,1066020],-1e-06
[117198,1066016],[117198,1066016],-1e-06
[118667,1065825],[118667,1065825],-1e-06
[118668,1065821],[118668,1065821],-1e-06
[118685,1065802],[118685,1065802],-1e-06
[118686,1065798],[118686,1065798],-1e-06
[118701,1065288],[118701,1065288],-1e-06
[118702,1065284],[118702,1065284],-1e-06
[118719,1065265],[118719,1065265],-1e-06
[118720,1065261],[118720,1065261],-1e-06
[118736,1065018],[118736,1065018],-1e-06
[118737,1065014],[118737,1065014],-1e-06
[118754,1064995],[118754,1064995],-1e-06
[118755,1064991],[118755,1064991],-1e-06
[118785,1064982],[118785,1064982],-1e-06
[118786,1064978],[118786,1064978],-1e-06
[118791,1064874],[118791,1064874],-1e-06
[118792,1064870],[118792,1064870],-1e-06
[118809,1064851],[118809,1064851],-1e-06
[118810,1064847],[118810,1064847],-1e-06
[118812,1064626],[118812,1064626],-1e-06
[118813,1064622],[118813,1064622],-1e-06
[118847,1064356],[118847,1064356],-1e-06
[118848,1064352],[118848,1064352],-1e-06
[118896,1064320],[118896,1064320],-1e-06
[118897,1064316],[118897,1064316],-1e-06
[118902,1064212],[118902,1064212],-1e-06
[118903,1064208],[118903,1064208],-1e-06
[118966,1064071],[118966,1064071],-1e-06
[118967,1064067],[118967,1064067],-1e-06
[118984,1064048],[118984,1064048],-1e-06
[118985,1064044],[118985,1064044],-1e-06
[119015,1064035],[119015,1064035],-1e-06
[119016,1064031],[119016,1064031],-1e-06
[119021,1063927],[119021,1063927],-1e-06
[119022,1063923],[119022,1063923],-1e-06
[119039,1063904],[119039,1063904],-1e-06
[119040,1063900],[119040,1063900],-1e-06
[119042,1063679],[119042,1063679],-1e-06
[119043,1063675],[119043,1063675],-1e-06
[119077,1063409],[119077,1063409],-1e-06
[119078,1063405],[119078,1063405],-1e-06
[119126,1063373],[119126,1063373],-1e-06
[119127,1063369],[119127,1063369],-1e-06
[119132,1063265],[119132,1063265],-1e-06
[119133,1063261],[119133,1063261],-1e-06
[120105,1053187],[120105,1053187],-1e-06
[120106,1053183],[120106,1053183],-1e-06
[120107,1052263],[120107,1052263],-1e-06
[120108,1052259],[120108,1052259],-1e-06
[120148,1052044],[120148,1052044],-1e-06
[120149,1052040],[120149,1052040],-1e-06
[120150,1051120],[120150,1051120],-1e-06
[120151,1051116],[120151,1051116],-1e-06
[120169,1047627],[120169,1047627],-1e-06
[120170,1047623],[120170,1047623],-1e-06
[120171,1046703],[120171,1046703],-1e-06
[120172,1046699],[120172,1046699],-1e-06
[120399,1046680],[120399,1046680],-1e-06
[120400,1046676],[120400,1046676],-1e-06
[120401,1045756],[120401,1045756],-1e-06
[120402,1045752],[120402,1045752],-1e-06
[120570,1044375],[120570,1044375],-1e-06
[120571,1044371],[120571,1044371],-1e-06
[120604,1043838],[120604,1043838],-1e-06
[120605,1043834],[120605,1043834],-1e-06
[120639,1043568],[120639,1043568],-1e-06
[120640,1043564],[120640,1043564],-1e-06
[120688,1043532],[120688,1043532],-1e-06
[120689,1043528],[120689,1043528],-1e-06
[120694,1043424],[120694,1043424],-1e-06
[120695,1043420],[120695,1043420],-1e-06
[120834,1042891],[120834,1042891],-1e-06
[120835,1042887],[120835,1042887],-1e-06
[120869,1042621],[120869,1042621],-1e-06
[120870,1042617],[120870,1042617],-1e-06
[120918,1042585],[120918,1042585],-1e-06
[120919,1042581],[120919,1042581],-1e-06
[120924,1042477],[120924,1042477],-1e-06
[120925,1042473],[120925,1042473],-1e-06
[124504,1042137],[124504,1042137],-1e-06
[124505,1042133],[124505,1042133],-1e-06
[124539,1041867],[124539,1041867],-1e-06
[124540,1041863],[124540,1041863],-1e-06
[124588,1041831],[124588,1041831],-1e-06
[124589,1041827],[124589,1041827],-1e-06
[124594,1041723],[124594,1041723],-1e-06
[124595,1041719],[124595,1041719],-1e-06
[124734,1041190],[124734,1041190],-1e-06
[124735,1041186],[124735,1041186],-1e-06
[124769,1040920],[124769,1040920],-1e-06
[124770,1040916],[124770,1040916],-1e-06
[124818,1040884],[124818,1040884],-1e-06
[124819,1040880],[124819,1040880],-1e-06
[124824,1040776],[124824,1040776],-1e-06
[124825,1040772],[124825,1040772],-1e-06
[128533,1033914],[128533,1033914],-1e-06
[128534,1033910],[128534,1033910],-1e-06
[128564,1032807],[128564,1032807],-1e-06
[128565,1032803],[128565,1032803],-1e-06
[128576,1032771],[128576,1032771],-1e-06
[128577,1032767],[128577,1032767],-1e-06
[128597,1028354],[128597,1028354],-1e-06
[128598,1028350],[128598,1028350],-1e-06
[128628,1027247],[128628,1027247],-1e-06
[128629,1027243],[128629,1027243],-1e-06
[128858,1026300],[128858,1026300],-1e-06
[128859,1026296],[128859,1026296],-1e-06
[131101,1026278],[131101,1026278],-1e-06
[131102,1026274],[131102,1026274],-1e-06
[131132,1025171],[131132,1025171],-1e-06
[131133,1025167],[131133,1025167],-1e-06
[131362,1024224],[131362,1024224],-1e-06
[131363,1024220],[131363,1024220],-1e-06
[132335,1024070],[132335,1024070],-1e-06
[132336,1024066],[132336,1024066],-1e-06
[132565,1023123],[132565,1023123],-1e-06
[132566,1023119],[132566,1023119],-1e-06
[134839,1021994],[134839,1021994],-1e-06
[134840,1021990],[134840,1021990],-1e-06
[135069,1021047],[135069,1021047],-1e-06
[135070,1021043],[135070,1021043],-1e-06
[135799,1020965],[135799,1020965],-1e-06
[135800,1020961],[135800,1020961],-1e-06
[136284,1020204],[136284,1020204],-1e-06
[136285,1020200],[136285,1020200],-1e-06
[136631,1015867],[136631,1015867],-1e-06
[136632,1015863],[136632,1015863],-1e-06
[136674,1014724],[136674,1014724],-1e-06
[136675,1014720],[136675,1014720],-1e-06
[136695,1010307],[136695,1010307],-1e-06
[136696,1010303],[136696,1010303],-1e-06
[136925,1009360],[136925,1009360],-1e-06
[136926,1009356],[136926,1009356],-1e-06
[139199,1008231],[139199,1008231],-1e-06
[139200,1008227],[139200,1008227],-1e-06
[139429,1007284],[139429,1007284],-1e-06
[139430,1007280],[139430,1007280],-1e-06
[140644,1006441],[140644,1006441],-1e-06
[140645,1006437],[140645,1006437],-1e-06
[143329,1005583],[143329,1005583],-1e-06
[143330,1005579],[143330,1005579],-1e-06
[143636,1004972],[143636,1004972],-1e-06
[143637,1004968],[143637,1004968],-1e-06
[143866,1004025],[143866,1004025],-1e-06
[143867,1004021],[143867,1004021],-1e-06
[145795,1003500],[145795,1003500],-1e-06
[145796,1003496],[145796,1003496],-1e-06
[146025,1002553],[146025,1002553],-1e-06
[146026,1002549],[146026,1002549],-1e-06
[146370,1001949],[146370,1001949],-1e-06
[146371,1001945],[146371,1001945],-1e-06
[147240,1001710],[147240,1001710],-1e-06
[147241,1001706],[147241,1001706],-1e-06
[147585,1001106],[147585,1001106],-1e-06
[147586,1001102],[147586,1001102],-1e-06
[149322,1000565],[149322,1000565],-1e-06
[149323,1000561],[149323,1000561],-1e-06
[149468,999546],[149468,999546],-1e-06
[149469,999542],[149469,999542],-1e-06
[149477,999282],[149477,999282],-1e-06
[149478,999278],[149478,999278],-1e-06
[149489,995129],[149489,995129],-1e-06
[149490,995125],[149490,995125],-1e-06
[149533,994058],[149533,994058],-1e-06
[149534,994054],[149534,994054],-1e-06
[149541,993722],[149541,993722],-1e-06
[149542,993718],[149542,993718],-1e-06
[149763,993111],[149763,993111],-1e-06
[149764,993107],[149764,993107],-1e-06
[149771,992775],[149771,992775],-1e-06
[149772,992771],[149772,992771],-1e-06
[152037,991982],[152037,991982],-1e-06
[152038,991978],[152038,991978],-1e-06
[152045,991646],[152045,991646],-1e-06
[152046,991642],[152046,991642],-1e-06
[152267,991035],[152267,991035],-1e-06
[152268,991031],[152268,991031],-1e-06
[152275,990699],[152275,990699],-1e-06
[152276,990695],[152276,990695],-1e-06
[153482,990192],[153482,990192],-1e-06
[153483,990188],[153483,990188],-1e-06
[153490,989856],[153490,989856],-1e-06
[153491,989852],[153491,989852],-1e-06
[155751,989613],[155751,989613],-1e-06
[155752,989609],[155752,989609],-1e-06
[155973,989002],[155973,989002],-1e-06
[155974,988998],[155974,988998],-1e-06
[155981,988666],[155981,988666],-1e-06
[155982,988662],[155982,988662],-1e-06
[156270,988466],[156270,988466],-1e-06
[156271,988462],[156271,988462],-1e-06
[156482,988387],[156482,988387],-1e-06
[156483,988383],[156483,988383],-1e-06
[156704,987776],[156704,987776],-1e-06
[156705,987772],[156705,987772],-1e-06
[156712,987440],[156712,987440],-1e-06
[156713,987436],[156713,987436],-1e-06
[158633,987251],[158633,987251],-1e-06
[158634,987247],[158634,987247],-1e-06
[158641,986915],[158641,986915],-1e-06
[158642,986911],[158642,986911],-1e-06
[158863,986304],[158863,986304],-1e-06
[158864,986300],[158864,986300],-1e-06
[158871,985968],[158871,985968],-1e-06
[158872,985964],[158872,985964],-1e-06
[159208,985700],[159208,985700],-1e-06
[159209,985696],[159209,985696],-1e-06
[159216,985364],[159216,985364],-1e-06
[159217,985360],[159217,985360],-1e-06
[160086,985125],[160086,985125],-1e-06
[160087,985121],[160087,985121],-1e-06
[160423,984857],[160423,984857],-1e-06
[160424,984853],[160424,984853],-1e-06
[160431,984521],[160431,984521],-1e-06
[160432,984517],[160432,984517],-1e-06
[162160,984316],[162160,984316],-1e-06
[162161,984312],[162161,984312],-1e-06
[162168,983980],[162168,983980],-1e-06
[162169,983976],[162169,983976],-1e-06
[162301,983864],[162301,983864],-1e-06
[162302,983860],[162302,983860],-1e-06
[162345,982793],[162345,982793],-1e-06
[162346,982789],[162346,982789],-1e-06
[162353,982457],[162353,982457],-1e-06
[162354,982453],[162354,982453],-1e-06
[162575,981846],[162575,981846],-1e-06
[162576,981842],[162576,981842],-1e-06
[162583,981510],[162583,981510],-1e-06
[162584,981506],[162584,981506],-1e-06
[164142,980743],[164142,980743],-1e-06
[164143,980739],[164143,980739],-1e-06
[164150,980407],[164150,980407],-1e-06
[164151,980403],[164151,980403],-1e-06
[164372,979796],[164372,979796],-1e-06
[164373,979792],[164373,979792],-1e-06
[164380,979460],[164380,979460],-1e-06
[164381,979456],[164381,979456],-1e-06
[165087,979434],[165087,979434],-1e-06
[165088,979430],[165088,979430],-1e-06
[166294,978927],[166294,978927],-1e-06
[166295,978923],[166295,978923],-1e-06
[166302,978591],[166302,978591],-1e-06
[166303,978587],[166303,978587],-1e-06
[166330,976311],[166330,976311],-1e-06
[166331,976307],[166331,976307],-1e-06
[166374,975240],[166374,975240],-1e-06
[166375,975236],[166375,975236],-1e-06
[166382,974904],[166382,974904],-1e-06
[166383,974900],[166383,974900],-1e-06
[166604,974293],[166604,974293],-1e-06
[166605,974289],[166605,974289],-1e-06
[166612,973957],[166612,973957],-1e-06
[166613,973953],[166613,973953],-1e-06
[168878,973164],[168878,973164],-1e-06
[168879,973160],[168879,973160],-1e-06
[168886,972828],[168886,972828],-1e-06
[168887,972824],[168887,972824],-1e-06
[169108,972217],[169108,972217],-1e-06
[169109,972213],[169109,972213],-1e-06
[169116,971881],[169116,971881],-1e-06
[169117,971877],[169117,971877],-1e-06
[170323,971374],[170323,971374],-1e-06
[170324,971370],[170324,971370],-1e-06
[170331,971038],[170331,971038],-1e-06
[170332,971034],[170332,971034],-1e-06
[172592,970795],[172592,970795],-1e-06
[172593,970791],[172593,970791],-1e-06
[172814,970184],[172814,970184],-1e-06
[172815,970180],[172815,970180],-1e-06
[172822,969848],[172822,969848],-1e-06
[172823,969844],[172823,969844],-1e-06
[173323,969569],[173323,969569],-1e-06
[173324,969565],[173324,969565],-1e-06
[173545,968958],[173545,968958],-1e-06
[173546,968954],[173546,968954],-1e-06
[173553,968622],[173553,968622],-1e-06
[173554,968618],[173554,968618],-1e-06
[175474,968433],[175474,968433],-1e-06
[175475,968429],[175475,968429],-1e-06
[175482,968097],[175482,968097],-1e-06
[175483,968093],[175483,968093],-1e-06
[175704,967486],[175704,967486],-1e-06
[175705,967482],[175705,967482],-1e-06
[175712,967150],[175712,967150],-1e-06
[175713,967146],[175713,967146],-1e-06
[176049,966882],[176049,966882],-1e-06
[176050,966878],[176050,966878],-1e-06
[176057,966546],[176057,966546],-1e-06
[176058,966542],[176058,966542],-1e-06
[176927,966307],[176927,966307],-1e-06
[176928,966303],[176928,966303],-1e-06
[177264,966039],[177264,966039],-1e-06
[177265,966035],[177265,966035],-1e-06
[177272,965703],[177272,965703],-1e-06
[177273,965699],[177273,965699],-1e-06
[179001,965498],[179001,965498],-1e-06
[179002,965494],[179002,965494],-1e-06
[179009,965162],[179009,965162],-1e-06
[179010,965158],[179010,965158],-1e-06
[179418,965117],[179418,965117],-1e-06
[179419,965113],[179419,965113],-1e-06
[179755,964849],[179755,964849],-1e-06
[179756,964845],[179756,964845],-1e-06
[179763,964513],[179763,964513],-1e-06
[179764,964509],[179764,964509],-1e-06
[180633,964274],[180633,964274],-1e-06
[180634,964270],[180634,964270],-1e-06
[180970,964006],[180970,964006],-1e-06
[180971,964002],[180971,964002],-1e-06
[180978,963670],[180978,963670],-1e-06
[180979,963666],[180979,963666],-1e-06
[181505,963422],[181505,963422],-1e-06
[181506,963418],[181506,963418],-1e-06
[181513,963086],[181513,963086],-1e-06
[181514,963082],[181514,963082],-1e-06
[182423,962762],[182423,962762],-1e-06
[182424,962758],[182424,962758],-1e-06
[182645,962151],[182645,962151],-1e-06
[182646,962147],[182646,962147],-1e-06
[182653,961815],[182653,961815],-1e-06
[182654,961811],[182654,961811],-1e-06
[183860,961308],[183860,961308],-1e-06
[183861,961304],[183861,961304],-1e-06
[183868,960972],[183868,960972],-1e-06
[183869,960968],[183869,960968],-1e-06
[184650,960657],[184650,960657],-1e-06
[184651,960653],[184651,960653],-1e-06
[184872,960046],[184872,960046],-1e-06
[184873,960042],[184873,960042],-1e-06
[184880,959710],[184880,959710],-1e-06
[184881,959706],[184881,959706],-1e-06
[186087,959203],[186087,959203],-1e-06
[186088,959199],[186088,959199],-1e-06
[186095,958867],[186095,958867],-1e-06
[186096,958863],[186096,958863],-1e-06
[187894,958129],[187894,958129],-1e-06
[187895,958125],[187895,958125],-1e-06
[187902,957793],[187902,957793],-1e-06
[187903,957789],[187903,957789],-1e-06
[188124,957182],[188124,957182],-1e-06
[188125,957178],[188125,957178],-1e-06
[188132,956846],[188132,956846],-1e-06
[188133,956842],[188133,956842],-1e-06
[189051,956727],[189051,956727],-1e-06
[189052,956723],[189052,956723],-1e-06
[189273,956116],[189273,956116],-1e-06
[189274,956112],[189274,956112],-1e-06
[189281,955780],[189281,955780],-1e-06
[189282,955776],[189282,955776],-1e-06
[190406,955717],[190406,955717],-1e-06
[190407,955713],[190407,955713],-1e-06
[190488,955273],[190488,955273],-1e-06
[190489,955269],[190489,955269],-1e-06
[190496,954937],[190496,954937],-1e-06
[190497,954933],[190497,954933],-1e-06
[190636,954770],[190636,954770],-1e-06
[190637,954766],[190637,954766],-1e-06
[191813,954711],[191813,954711],-1e-06
[191814,954707],[191814,954707],-1e-06
[191819,954617],[191819,954617],-1e-06
[191820,954613],[191820,954613],-1e-06
[191821,954375],[191821,954375],-1e-06
[191822,954371],[191822,954371],-1e-06
[191843,954263],[191843,954263],-1e-06
[191844,954259],[191844,954259],-1e-06
[191851,953927],[191851,953927],-1e-06
[191852,953923],[191852,953923],-1e-06
[192987,953747],[192987,953747],-1e-06
[192988,953743],[192988,953743],-1e-06
[193036,953532],[193036,953532],-1e-06
[193037,953528],[193037,953528],-1e-06
[194194,953240],[194194,953240],-1e-06
[194195,953236],[194195,953236],-1e-06
[194202,952904],[194202,952904],-1e-06
[194203,952900],[194203,952900],-1e-06
[194342,952737],[194342,952737],-1e-06
[194343,952733],[194343,952733],-1e-06
[194843,952458],[194843,952458],-1e-06
[194844,952454],[194844,952454],-1e-06
[195065,951847],[195065,951847],-1e-06
[195066,951843],[195066,951843],-1e-06
[195073,951511],[195073,951511],-1e-06
[195074,951507],[195074,951507],-1e-06
[195992,951392],[195992,951392],-1e-06
[195993,951388],[195993,951388],-1e-06
[196214,950781],[196214,950781],-1e-06
[196215,950777],[196215,950777],-1e-06
[196222,950445],[196222,950445],-1e-06
[196223,950441],[196223,950441],-1e-06
[197224,950375],[197224,950375],-1e-06
[197225,950371],[197225,950371],-1e-06
[197232,950039],[197232,950039],-1e-06
[197233,950035],[197233,950035],-1e-06
[197429,949938],[197429,949938],-1e-06
[197430,949934],[197430,949934],-1e-06
[197437,949602],[197437,949602],-1e-06
[197438,949598],[197438,949598],-1e-06
[197577,949435],[197577,949435],-1e-06
[197578,949431],[197578,949431],-1e-06
[198447,949196],[198447,949196],-1e-06
[198448,949192],[198448,949192],-1e-06
[198784,948928],[198784,948928],-1e-06
[198785,948924],[198785,948924],-1e-06
[198792,948592],[198792,948592],-1e-06
[198793,948588],[198793,948588],-1e-06
[199928,948412],[199928,948412],-1e-06
[199929,948408],[199929,948408],-1e-06
[200171,948029],[200171,948029],-1e-06
[200172,948025],[200172,948025],-1e-06
[200215,946958],[200215,946958],-1e-06
[200216,946954],[200216,946954],-1e-06
[200223,946622],[200223,946622],-1e-06
[200224,946618],[200224,946618],-1e-06
[200445,946011],[200445,946011],-1e-06
[200446,946007],[200446,946007],-1e-06
[200453,945675],[200453,945675],-1e-06
[200454,945671],[200454,945671],-1e-06
[202719,944882],[202719,944882],-1e-06
[202720,944878],[202720,944878],-1e-06
[202727,944546],[202727,944546],-1e-06
[202728,944542],[202728,944542],-1e-06
[202949,943935],[202949,943935],-1e-06
[202950,943931],[202950,943931],-1e-06
[202957,943599],[202957,943599],-1e-06
[202958,943595],[202958,943595],-1e-06
[204164,943092],[204164,943092],-1e-06
[204165,943088],[204165,943088],-1e-06
[204172,942756],[204172,942756],-1e-06
[204173,942752],[204173,942752],-1e-06
[206400,942599],[206400,942599],-1e-06
[206401,942595],[206401,942595],-1e-06
[206433,942513],[206433,942513],-1e-06
[206434,942509],[206434,942509],-1e-06
[206655,941902],[206655,941902],-1e-06
[206656,941898],[206656,941898],-1e-06
[206663,941566],[206663,941566],-1e-06
[206664,941562],[206664,941562],-1e-06
[207164,941287],[207164,941287],-1e-06
[207165,941283],[207165,941283],-1e-06
[207386,940676],[207386,940676],-1e-06
[207387,940672],[207387,940672],-1e-06
[207394,940340],[207394,940340],-1e-06
[207395,940336],[207395,940336],-1e-06
[209315,940151],[209315,940151],-1e-06
[209316,940147],[209316,940147],-1e-06
[209323,939815],[209323,939815],-1e-06
[209324,939811],[209324,939811],-1e-06
[209545,939204],[209545,939204],-1e-06
[209546,939200],[209546,939200],-1e-06
[209553,938868],[209553,938868],-1e-06
[209554,938864],[209554,938864],-1e-06
[209890,938600],[209890,938600],-1e-06
[209891,938596],[209891,938596],-1e-06
[209898,938264],[209898,938264],-1e-06
[209899,938260],[209899,938260],-1e-06
[210768,938025],[210768,938025],-1e-06
[210769,938021],[210769,938021],-1e-06
[211105,937757],[211105,937757],-1e-06
[211106,937753],[211106,937753],-1e-06
[211113,937421],[211113,937421],-1e-06
[211114,937417],[211114,937417],-1e-06
[211926,937308],[211926,937308],-1e-06
[211927,937304],[211927,937304],-1e-06
[211934,936972],[211934,936972],-1e-06
[211935,936968],[211935,936968],-1e-06
[213141,936465],[213141,936465],-1e-06
[213142,936461],[213142,936461],-1e-06
[213149,936129],[213149,936129],-1e-06
[213150,936125],[213150,936125],-1e-06
[214474,935992],[214474,935992],-1e-06
[214475,935988],[214475,935988],-1e-06
[214811,935724],[214811,935724],-1e-06
[214812,935720],[214812,935720],-1e-06
[214819,935388],[214819,935388],-1e-06
[214820,935384],[214820,935384],-1e-06
[215632,935275],[215632,935275],-1e-06
[215633,935271],[215633,935271],-1e-06
[215640,934939],[215640,934939],-1e-06
[215641,934935],[215641,934935],-1e-06
[216256,934816],[216256,934816],-1e-06
[216257,934812],[216257,934812],-1e-06
[216264,934480],[216264,934480],-1e-06
[216265,934476],[216265,934476],-1e-06
[216486,933869],[216486,933869],-1e-06
[216487,933865],[216487,933865],-1e-06
[216494,933533],[216494,933533],-1e-06
[216495,933529],[216495,933529],-1e-06
[217701,933026],[217701,933026],-1e-06
[217702,933022],[217702,933022],-1e-06
[217709,932690],[217709,932690],-1e-06
[217710,932686],[217710,932686],-1e-06
[218491,932375],[218491,932375],-1e-06
[218492,932371],[218492,932371],-1e-06
[218713,931764],[218713,931764],-1e-06
[218714,931760],[218714,931760],-1e-06
[218721,931428],[218721,931428],-1e-06
[218722,931424],[218722,931424],-1e-06
[219928,930921],[219928,930921],-1e-06
[219929,930917],[219929,930917],-1e-06
[219936,930585],[219936,930585],-1e-06
[219937,930581],[219937,930581],-1e-06
[220967,929045],[220967,929045],-1e-06
[220968,929041],[220968,929041],-1e-06
[221197,928098],[221197,928098],-1e-06
[221198,928094],[221198,928094],-1e-06
[223114,927834],[223114,927834],-1e-06
[223115,927830],[223115,927830],-1e-06
[223122,927498],[223122,927498],-1e-06
[223123,927494],[223123,927494],-1e-06
[223471,926969],[223471,926969],-1e-06
[223472,926965],[223472,926965],-1e-06
[223701,926022],[223701,926022],-1e-06
[223702,926018],[223702,926018],-1e-06
[224916,925179],[224916,925179],-1e-06
[224917,925175],[224917,925175],-1e-06
[226192,924939],[226192,924939],-1e-06
[226193,924935],[226193,924935],-1e-06
[227264,923277],[227264,923277],-1e-06
[227265,923273],[227265,923273],-1e-06
[227494,922330],[227494,922330],-1e-06
[227495,922326],[227495,922326],-1e-06
[229768,921201],[229768,921201],-1e-06
[229769,921197],[229769,921197],-1e-06
[229998,920254],[229998,920254],-1e-06
[229999,920250],[229999,920250],-1e-06
[231213,919411],[231213,919411],-1e-06
[231214,919407],[231214,919407],-1e-06
[233594,919303],[233594,919303],-1e-06
[233595,919299],[233595,919299],-1e-06
[234041,918632],[234041,918632],-1e-06
[234042,918628],[234042,918628],-1e-06
[234205,917942],[234205,917942],-1e-06
[234206,917938],[234206,917938],-1e-06
[234435,916995],[234435,916995],-1e-06
[234436,916991],[234436,916991],-1e-06
[236364,916470],[236364,916470],-1e-06
[236365,916466],[236365,916466],-1e-06
[236594,915523],[236594,915523],-1e-06
[236595,915519],[236595,915519],-1e-06
[236939,914919],[236939,914919],-1e-06
[236940,914915],[236940,914915],-1e-06
[237809,914680],[237809,914680],-1e-06
[237810,914676],[237810,914676],-1e-06
[238154,914076],[238154,914076],-1e-06
[238155,914072],[238155,914072],-1e-06
[239465,913851],[239465,913851],-1e-06
[239466,913847],[239466,913847],-1e-06
[239891,913535],[239891,913535],-1e-06
[239892,913531],[239892,913531],-1e-06
[240680,913008],[240680,913008],-1e-06
[240681,913004],[240681,913004],-1e-06
[241956,912768],[241956,912768],-1e-06
[241957,912764],[241957,912764],-1e-06
[242165,912406],[242165,912406],-1e-06
[242166,912402],[242166,912402],-1e-06
[242395,911459],[242395,911459],-1e-06
[242396,911455],[242396,911455],-1e-06
[242717,910987],[242717,910987],-1e-06
[242718,910983],[242718,910983],-1e-06
[243535,910188],[243535,910188],-1e-06
[243536,910184],[243536,910184],-1e-06
[243866,909921],[243866,909921],-1e-06
[243867,909917],[243867,909917],-1e-06
[244750,909345],[244750,909345],-1e-06
[244751,909341],[244751,909341],-1e-06
[245081,909078],[245081,909078],-1e-06
[245082,909074],[245082,909074],-1e-06
[245221,908911],[245221,908911],-1e-06
[245222,908907],[245222,908907],-1e-06
[245762,908083],[245762,908083],-1e-06
[245763,908079],[245763,908079],-1e-06
[246436,908068],[246436,908068],-1e-06
[246437,908064],[246437,908064],-1e-06
[246977,907240],[246977,907240],-1e-06
[246978,907236],[246978,907236],-1e-06
[248784,906166],[248784,906166],-1e-06
[248785,906162],[248785,906162],-1e-06
[249014,905219],[249014,905219],-1e-06
[249015,905215],[249015,905215],-1e-06
[249933,905100],[249933,905100],-1e-06
[249934,905096],[249934,905096],-1e-06
[250163,904153],[250163,904153],-1e-06
[250164,904149],[250164,904149],-1e-06
[251288,904090],[251288,904090],-1e-06
[251289,904086],[251289,904086],-1e-06
[251378,903310],[251378,903310],-1e-06
[251379,903306],[251379,903306],-1e-06
[251518,903143],[251518,903143],-1e-06
[251519,903139],[251519,903139],-1e-06
[252701,902990],[252701,902990],-1e-06
[252702,902986],[252702,902986],-1e-06
[252703,902748],[252703,902748],-1e-06
[252704,902744],[252704,902744],-1e-06
[252733,902300],[252733,902300],-1e-06
[252734,902296],[252734,902296],-1e-06
[253916,902147],[253916,902147],-1e-06
[253917,902143],[253917,902143],-1e-06
[253918,901905],[253918,901905],-1e-06
[253919,901901],[253919,901901],-1e-06
[254808,900763],[254808,900763],-1e-06
[254809,900759],[254809,900759],-1e-06
[255038,899816],[255038,899816],-1e-06
[255039,899812],[255039,899812],-1e-06
[256874,899765],[256874,899765],-1e-06
[256875,899761],[256875,899761],-1e-06
[257104,898818],[257104,898818],-1e-06
[257105,898814],[257105,898814],-1e-06
[257312,898687],[257312,898687],-1e-06
[257313,898683],[257313,898683],-1e-06
[257542,897740],[257542,897740],-1e-06
[257543,897736],[257543,897736],-1e-06
[258757,896897],[258757,896897],-1e-06
[258758,896893],[258758,896893],-1e-06
[260033,896657],[260033,896657],-1e-06
[260034,896653],[260034,896653],-1e-06
[261105,894995],[261105,894995],-1e-06
[261106,894991],[261106,894991],-1e-06
[261335,894048],[261335,894048],-1e-06
[261336,894044],[261336,894044],-1e-06
[263609,892919],[263609,892919],-1e-06
[263610,892915],[263610,892915],-1e-06
[263839,891972],[263839,891972],-1e-06
[263840,891968],[263840,891968],-1e-06
[265054,891129],[265054,891129],-1e-06
[265055,891125],[265055,891125],-1e-06
[266519,891113],[266519,891113],-1e-06
[266520,891109],[266520,891109],-1e-06
[267282,890972],[267282,890972],-1e-06
[267283,890968],[267283,890968],-1e-06
[267734,890270],[267734,890270],-1e-06
[267735,890266],[267735,890266],-1e-06
[268046,889660],[268046,889660],-1e-06
[268047,889656],[268047,889656],-1e-06
[268276,888713],[268276,888713],-1e-06
[268277,888709],[268277,888709],-1e-06
[270205,888188],[270205,888188],-1e-06
[270206,888184],[270206,888184],-1e-06
[270435,887241],[270435,887241],-1e-06
[270436,887237],[270436,887237],-1e-06
[270780,886637],[270780,886637],-1e-06
[270781,886633],[270781,886633],-1e-06
[271650,886398],[271650,886398],-1e-06
[271651,886394],[271651,886394],-1e-06
[271995,885794],[271995,885794],-1e-06
[271996,885790],[271996,885790],-1e-06
[272816,885345],[272816,885345],-1e-06
[272817,885341],[272817,885341],-1e-06
[274031,884502],[274031,884502],-1e-06
[274032,884498],[274032,884498],-1e-06
[275797,884486],[275797,884486],-1e-06
[275798,884482],[275798,884482],-1e-06
[275810,884449],[275810,884449],-1e-06
[275811,884445],[275811,884445],-1e-06
[276038,884172],[276038,884172],-1e-06
[276039,884168],[276039,884168],-1e-06
[277012,883643],[277012,883643],-1e-06
[277013,883639],[277013,883639],-1e-06
[277025,883606],[277025,883606],-1e-06
[277026,883602],[277026,883602],-1e-06
[277146,882853],[277146,882853],-1e-06
[277147,882849],[277147,882849],-1e-06
[277376,881906],[277376,881906],-1e-06
[277377,881902],[277377,881902],-1e-06
[277707,881639],[277707,881639],-1e-06
[277708,881635],[277708,881635],-1e-06
[278591,881063],[278591,881063],-1e-06
[278592,881059],[278592,881059],-1e-06
[278922,880796],[278922,880796],-1e-06
[278923,880792],[278923,880792],-1e-06
[279373,880748],[279373,880748],-1e-06
[279374,880744],[279374,880744],-1e-06
[279603,879801],[279603,879801],-1e-06
[279604,879797],[279604,879797],-1e-06
[280818,878958],[280818,878958],-1e-06
[280819,878954],[280819,878954],-1e-06
[283621,878875],[283621,878875],-1e-06
[283622,878871],[283622,878871],-1e-06
[283646,878179],[283646,878179],-1e-06
[283647,878175],[283647,878175],-1e-06
[283774,876818],[283774,876818],-1e-06
[283775,876814],[283775,876814],-1e-06
[284004,875871],[284004,875871],-1e-06
[284005,875867],[284005,875867],-1e-06
[285219,875028],[285219,875028],-1e-06
[285220,875024],[285220,875024],-1e-06
[286542,874708],[286542,874708],-1e-06
[286543,874704],[286543,874704],-1e-06
[286544,874466],[286544,874466],-1e-06
[286545,874462],[286545,874462],-1e-06
[287757,873865],[287757,873865],-1e-06
[287758,873861],[287758,873861],-1e-06
[287759,873623],[287759,873623],-1e-06
[287760,873619],[287760,873619],-1e-06
[289254,873159],[289254,873159],-1e-06
[289255,873155],[289255,873155],-1e-06
[290249,872840],[290249,872840],-1e-06
[290250,872836],[290250,872836],-1e-06
[290387,872758],[290387,872758],-1e-06
[290388,872754],[290388,872754],-1e-06
[290668,872222],[290668,872222],-1e-06
[290669,872218],[290669,872218],-1e-06
[290715,871483],[290715,871483],-1e-06
[290716,871479],[290716,871479],-1e-06
[290945,870536],[290945,870536],-1e-06
[290946,870532],[290946,870532],-1e-06
[292160,869693],[292160,869693],-1e-06
[292161,869689],[292161,869689],-1e-06
[293483,869373],[293483,869373],-1e-06
[293484,869369],[293484,869369],-1e-06
[294106,869181],[294106,869181],-1e-06
[294107,869177],[294107,869177],-1e-06
[294336,868234],[294336,868234],-1e-06
[294337,868230],[294337,868230],-1e-06
[295551,867391],[295551,867391],-1e-06
[295552,867387],[295552,867387],-1e-06
[296411,867355],[296411,867355],-1e-06
[296412,867351],[296412,867351],-1e-06
[297554,866517],[297554,866517],-1e-06
[297555,866513],[297555,866513],-1e-06
[297626,866512],[297626,866512],-1e-06
[297627,866508],[297627,866508],-1e-06
[297945,866382],[297945,866382],-1e-06
[297946,866378],[297946,866378],-1e-06
[298769,865674],[298769,865674],-1e-06
[298770,865670],[298770,865670],-1e-06
[299160,865539],[299160,865539],-1e-06
[299161,865535],[299161,865535],-1e-06
[299370,865097],[299370,865097],-1e-06
[299371,865093],[299371,865093],-1e-06
[299982,864522],[299982,864522],-1e-06
[299983,864518],[299983,864518],-1e-06
[300130,863778],[300130,863778],-1e-06
[300131,863774],[300131,863774],-1e-06
[300360,862831],[300360,862831],-1e-06
[300361,862827],[300361,862827],-1e-06
[301575,861988],[301575,861988],-1e-06
[301576,861984],[301576,861984],-1e-06
[302708,861587],[302708,861587],-1e-06
[302709,861583],[302709,861583],-1e-06
[303923,860744],[303923,860744],-1e-06
[303924,860740],[303924,860740],-1e-06
[305390,860643],[305390,860643],-1e-06
[305391,860639],[305391,860639],-1e-06
[305475,860287],[305475,860287],-1e-06
[305476,860283],[305476,860283],-1e-06
[306049,859701],[306049,859701],-1e-06
[306050,859697],[306050,859697],-1e-06
[306279,858754],[306279,858754],-1e-06
[306280,858750],[306280,858750],-1e-06
[306427,858010],[306427,858010],-1e-06
[306428,858006],[306428,858006],-1e-06
[306657,857063],[306657,857063],-1e-06
[306658,857059],[306658,857059],-1e-06
[307872,856220],[307872,856220],-1e-06
[307873,856216],[307873,856216],-1e-06
[310833,856121],[310833,856121],-1e-06
[310834,856117],[310834,856117],-1e-06
[310864,855409],[310864,855409],-1e-06
[310865,855405],[310865,855405],-1e-06
[311687,854875],[311687,854875],-1e-06
[311688,854871],[311688,854871],-1e-06
[312875,854023],[312875,854023],-1e-06
[312876,854019],[312876,854019],-1e-06
[313368,852675],[313368,852675],-1e-06
[313369,852671],[313369,852671],-1e-06
[313598,851728],[313598,851728],-1e-06
[313599,851724],[313599,851724],-1e-06
[314813,850885],[314813,850885],-1e-06
[314814,850881],[314814,850881],-1e-06
[317578,850593],[317578,850593],-1e-06
[317579,850589],[317579,850589],-1e-06
[318124,850550],[318124,850550],-1e-06
[318125,850546],[318125,850546],-1e-06
[318398,850487],[318398,850487],-1e-06
[318399,850483],[318399,850483],-1e-06
[318628,849540],[318628,849540],-1e-06
[318629,849536],[318629,849536],-1e-06
[319535,848996],[319535,848996],-1e-06
[319536,848992],[319536,848992],-1e-06
[319843,848697],[319843,848697],-1e-06
[319844,848693],[319844,848693],-1e-06
[320147,848421],[320147,848421],-1e-06
[320148,848417],[320148,848417],-1e-06
[321813,847530],[321813,847530],-1e-06
[321814,847526],[321814,847526],-1e-06
[322043,846583],[322043,846583],-1e-06
[322044,846579],[322044,846579],-1e-06
[323304,846101],[323304,846101],-1e-06
[323305,846097],[323305,846097],-1e-06
[324519,845258],[324519,845258],-1e-06
[324520,845254],[324520,845254],-1e-06
[326086,844961],[326086,844961],-1e-06
[326087,844957],[326087,844957],-1e-06
[326172,844793],[326172,844793],-1e-06
[326173,844789],[326173,844789],-1e-06
[326214,843600],[326214,843600],-1e-06
[326215,843596],[326215,843596],-1e-06
[326444,842653],[326444,842653],-1e-06
[326445,842649],[326445,842649],-1e-06
[328404,842238],[328404,842238],-1e-06
[328405,842234],[328405,842234],-1e-06
[328982,841490],[328982,841490],-1e-06
[328983,841486],[328983,841486],-1e-06
[329293,840896],[329293,840896],-1e-06
[329294,840892],[329294,840892],-1e-06
[330479,840784],[330479,840784],-1e-06
[330480,840780],[330480,840780],-1e-06
[331474,840465],[331474,840465],-1e-06
[331475,840461],[331475,840461],-1e-06
[332827,839540],[332827,839540],-1e-06
[332828,839536],[332828,839536],-1e-06
[333256,838260],[333256,838260],-1e-06
[333257,838256],[333257,838256],-1e-06
[333486,837313],[333486,837313],-1e-06
[333487,837309],[333487,837309],-1e-06
[334701,836470],[334701,836470],-1e-06
[334702,836466],[334702,836466],-1e-06
[335891,835956],[335891,835956],-1e-06
[335892,835952],[335892,835952],-1e-06
[336776,835016],[336776,835016],-1e-06
[336777,835012],[336777,835012],-1e-06
[338239,834712],[338239,834712],-1e-06
[338240,834708],[338240,834708],-1e-06
[338851,834137],[338851,834137],-1e-06
[338852,834133],[338852,834133],-1e-06
[339994,833299],[339994,833299],-1e-06
[339995,833295],[339995,833295],-1e-06
[340385,833164],[340385,833164],-1e-06
[340386,833160],[340386,833160],-1e-06
[341342,833054],[341342,833054],-1e-06
[341343,833050],[341343,833050],-1e-06
[341806,832828],[341806,832828],-1e-06
[341807,832824],[341807,832824],-1e-06
[341958,831135],[341958,831135],-1e-06
[341959,831131],[341959,831131],-1e-06
[342188,830188],[342188,830188],-1e-06
[342189,830184],[342189,830184],-1e-06
[342800,829613],[342800,829613],-1e-06
[342801,829609],[342801,829609],-1e-06
[344746,829319],[344746,829319],-1e-06
[344747,829315],[344747,829315],-1e-06
[344919,829312],[344919,829312],-1e-06
[345148,828369],[345148,828369],-1e-06
[345149,828365],[345149,828365],-1e-06
[346700,827912],[346700,827912],-1e-06
[346701,827908],[346701,827908],-1e-06
[347830,827425],[347830,827425],-1e-06
[347831,827421],[347831,827421],-1e-06
[348854,827331],[348854,827331],-1e-06
[348855,827327],[348855,827327],-1e-06
[348867,824792],[348867,824792],-1e-06
[348868,824788],[348868,824788],-1e-06
[349097,823845],[349097,823845],-1e-06
[349098,823841],[349098,823841],-1e-06
[353393,823614],[353393,823614],-1e-06
[353394,823610],[353394,823610],-1e-06
[353623,822667],[353623,822667],-1e-06
[353624,822663],[353624,822663],-1e-06
[353897,822604],[353897,822604],-1e-06
[353898,822600],[353898,822600],-1e-06
[354127,821657],[354127,821657],-1e-06
[354128,821653],[354128,821653],-1e-06
[356808,821048],[356808,821048],-1e-06
[356809,821044],[356809,821044],-1e-06
[357082,820985],[357082,820985],-1e-06
[357083,820981],[357083,820981],-1e-06
[357312,820038],[357312,820038],-1e-06
[357313,820034],[357313,820034],-1e-06
[358299,819228],[358299,819228],-1e-06
[358300,819224],[358300,819224],-1e-06
[358573,819165],[358573,819165],-1e-06
[358574,819161],[358574,819161],-1e-06
[358803,818218],[358803,818218],-1e-06
[358804,818214],[358804,818214],-1e-06
[360456,817753],[360456,817753],-1e-06
[360457,817749],[360457,817749],-1e-06
[361812,817030],[361812,817030],-1e-06
[361813,817026],[361813,817026],-1e-06
[363307,816661],[363307,816661],-1e-06
[363308,816657],[363308,816657],-1e-06
[364522,815818],[364522,815818],-1e-06
[364523,815814],[364523,815814],-1e-06
[365712,815304],[365712,815304],-1e-06
[365713,815300],[365713,815300],-1e-06
[367658,815010],[367658,815010],-1e-06
[367659,815006],[367659,815006],-1e-06
[367831,815003],[367831,815003],-1e-06
[368060,814060],[368060,814060],-1e-06
[368061,814056],[368061,814056],-1e-06
[368672,813485],[368672,813485],-1e-06
[368673,813481],[368673,813481],-1e-06
[369815,812647],[369815,812647],-1e-06
[369816,812643],[369816,812643],-1e-06
[370206,812512],[370206,812512],-1e-06
[370207,812508],[370207,812508],-1e-06
[371163,812402],[371163,812402],-1e-06
[371164,812398],[371164,812398],-1e-06
[371779,810483],[371779,810483],-1e-06
[371780,810479],[371780,810479],-1e-06
[372009,809536],[372009,809536],-1e-06
[372010,809532],[372010,809532],-1e-06
[372621,808961],[372621,808961],-1e-06
[372622,808957],[372622,808957],-1e-06
[374567,808667],[374567,808667],-1e-06
[374568,808663],[374568,808663],-1e-06
[374740,808660],[374740,808660],-1e-06
[374969,807717],[374969,807717],-1e-06
[374970,807713],[374970,807713],-1e-06
[376521,807260],[376521,807260],-1e-06
[376522,807256],[376522,807256],-1e-06
[378688,804140],[378688,804140],-1e-06
[378689,804136],[378689,804136],-1e-06
[378918,803193],[378918,803193],-1e-06
[378919,803189],[378919,803189],-1e-06
[413316,803138],[413316,803138],-1e-06
[413317,803134],[413317,803134],-1e-06
[414785,802590],[414785,802590],-1e-06
[414786,802586],[414786,802586],-1e-06
[415483,800018],[415483,800018],-1e-06
[415484,800014],[415484,800014],-1e-06
[415713,799071],[415713,799071],-1e-06
[415714,799067],[415714,799067],-1e-06
[431150,798973],[431150,798973],-1e-06
[431151,798969],[431151,798969],-1e-06
[443306,798726],[443306,798726],-1e-06
[443307,798722],[443307,798722],-1e-06
[463735,798515],[463735,798515],-1e-06
[463736,798511],[463736,798511],-1e-06
[463965,797568],[463965,797568],-1e-06
[463966,797564],[463966,797564],-1e-06
[467715,795798],[467715,795798],-1e-06
[467716,795794],[467716,795794],-1e-06
[467945,794851],[467945,794851],-1e-06
[467946,794847],[467946,794847],-1e-06
[480101,794604],[480101,794604],-1e-06
[480102,794600],[480102,794600],-1e-06
[560383,794312],[560383,794312],-1e-06
[560384,794308],[560384,794308],-1e-06
[560613,793365],[560613,793365],-1e-06
[560614,793361],[560614,793361],-1e-06
[561219,792548],[561219,792548],-1e-06
[561220,792544],[561220,792544],-1e-06
[575738,791660],[575738,791660],-1e-06
[575739,791656],[575739,791656],-1e-06
[575968,790713],[575968,790713],-1e-06
[575969,790709],[575969,790709],-1e-06
[576574,789896],[576574,789896],-1e-06
[576575,789892],[576575,789892],-1e-06
[588730,789649],[588730,789649],-1e-06
[588731,789645],[588731,789645],-1e-06
[610357,789465],[610357,789465],-1e-06
[610358,789461],[610358,789461],-1e-06
[610963,788648],[610963,788648],-1e-06
[610964,788644],[610964,788644],-1e-06
[612533,787538],[612533,787538],-1e-06
[612534,787534],[612534,787534],-1e-06
[612763,786591],[612763,786591],-1e-06
[612764,786587],[612764,786587],-1e-06
[613369,785774],[613369,785774],-1e-06
[613370,785770],[613370,785770],-1e-06
[617355,785152],[617355,785152],-1e-06
[617356,785148],[617356,785148],-1e-06
[620584,785033],[620584,785033],-1e-06
[620585,785029],[620585,785029],-1e-06
[622278,784381],[622278,784381],-1e-06
[622279,784377],[622279,784377],-1e-06
[622314,784361],[622314,784361],-1e-06
[622315,784357],[622315,784357],-1e-06
[622481,784283],[622481,784283],-1e-06
[622482,784279],[622482,784279],-1e-06
[622508,783434],[622508,783434],-1e-06
[622509,783430],[622509,783430],-1e-06
[622544,783414],[622544,783414],-1e-06
[622545,783410],[622545,783410],-1e-06
[624114,783396],[624114,783396],-1e-06
[624115,783392],[624115,783392],-1e-06
[624141,782547],[624141,782547],-1e-06
[624142,782543],[624142,782543],-1e-06
[624344,782449],[624344,782449],-1e-06
[624345,782445],[624345,782445],-1e-06
[624371,781600],[624371,781600],-1e-06
[624372,781596],[624372,781596],-1e-06
[628309,781527],[628309,781527],-1e-06
[628310,781523],[628310,781523],-1e-06
[635076,781356],[635076,781356],-1e-06
[635077,781352],[635077,781352],-1e-06
[635306,780409],[635306,780409],-1e-06
[635307,780405],[635307,780405],-1e-06
[640921,780107],[640921,780107],-1e-06
[640922,780103],[640922,780103],-1e-06
[640999,779942],[640999,779942],-1e-06
[641000,779938],[641000,779938],-1e-06
[641160,779235],[641160,779235],-1e-06
[641161,779231],[641161,779231],-1e-06
[641772,778660],[641772,778660],-1e-06
[641773,778656],[641773,778656],-1e-06
[642228,778409],[642228,778409],-1e-06
[642229,778405],[642229,778405],-1e-06
[643356,778225],[643356,778225],-1e-06
[643357,777841],[643357,777841],-1e-06
[643358,777837],[643358,777837],-1e-06
[643968,777650],[643968,777650],-1e-06
[643969,777646],[643969,777646],-1e-06
[644042,777581],[644042,777581],-1e-06
[644043,777577],[644043,777577],-1e-06
[644120,777416],[644120,777416],-1e-06
[644121,777412],[644121,777412],-1e-06
[644424,777399],[644424,777399],-1e-06
[644425,777395],[644425,777395],-1e-06
[644491,777298],[644491,777298],-1e-06
[644492,777294],[644492,777294],-1e-06
[644717,776749],[644717,776749],-1e-06
[644718,776365],[644718,776365],-1e-06
[644719,776361],[644719,776361],-1e-06
[644947,775802],[644947,775802],-1e-06
[644948,775418],[644948,775418],-1e-06
[644949,775414],[644949,775414],-1e-06
[645559,775227],[645559,775227],-1e-06
[645560,775223],[645560,775223],-1e-06
[646015,774976],[646015,774976],-1e-06
[646016,774972],[646016,774972],-1e-06
[647505,774933],[647505,774933],-1e-06
[647506,774929],[647506,774929],-1e-06
[647678,774926],[647678,774926],-1e-06
[647829,774148],[647829,774148],-1e-06
[647830,774144],[647830,774144],-1e-06
[647839,773839],[647839,773839],-1e-06
[647840,773835],[647840,773835],-1e-06
[648069,772892],[648069,772892],-1e-06
[648070,772888],[648070,772888],-1e-06
[650035,772829],[650035,772829],-1e-06
[650036,772825],[650036,772825],-1e-06
[650265,771882],[650265,771882],-1e-06
[650266,771878],[650266,771878],-1e-06
[651626,770406],[651626,770406],-1e-06
[651627,770402],[651627,770402],-1e-06
[651856,769459],[651856,769459],-1e-06
[651857,769455],[651857,769455],-1e-06
[684864,768770],[684864,768770],-1e-06
[684865,768766],[684865,768766],-1e-06
[686830,768707],[686830,768707],-1e-06
[686831,768703],[686831,768703],-1e-06
[687060,767760],[687060,767760],-1e-06
[687061,767756],[687061,767756],-1e-06
[688421,766284],[688421,766284],-1e-06
[688422,766280],[688422,766280],-1e-06
[688651,765337],[688651,765337],-1e-06
[688652,765333],[688652,765333],-1e-06
[704088,765239],[704088,765239],-1e-06
[704089,765235],[704089,765235],-1e-06
[716244,764992],[716244,764992],-1e-06
[716245,764988],[716245,764988],-1e-06
[736673,764781],[736673,764781],-1e-06
[736674,764777],[736674,764777],-1e-06
[736903,763834],[736903,763834],-1e-06
[736904,763830],[736904,763830],-1e-06
[739292,763540],[739292,763540],-1e-06
[739293,763536],[739293,763536],-1e-06
[740653,762064],[740653,762064],-1e-06
[740654,762060],[740654,762060],-1e-06
[740883,761117],[740883,761117],-1e-06
[740884,761113],[740884,761113],-1e-06
[753039,760870],[753039,760870],-1e-06
[753040,760866],[753040,760866],-1e-06
[833321,760578],[833321,760578],-1e-06
[833322,760574],[833322,760574],-1e-06
[833551,759631],[833551,759631],-1e-06
[833552,759627],[833552,759627],-1e-06
[834157,758814],[834157,758814],-1e-06
[834158,758810],[834158,758810],-1e-06
[847921,758585],[847921,758585],-1e-06
[847922,758581],[847922,758581],-1e-06
[848676,757926],[848676,757926],-1e-06
[848677,757922],[848677,757922],-1e-06
[848906,756979],[848906,756979],-1e-06
[848907,756975],[848907,756975],-1e-06
[849512,756162],[849512,756162],-1e-06
[849513,756158],[849513,756158],-1e-06
[861668,755915],[861668,755915],-1e-06
[861669,755911],[861669,755911],-1e-06
[882520,755473],[882520,755473],-1e-06
[882521,755469],[882521,755469],-1e-06
[883901,754914],[883901,754914],-1e-06
[883902,754910],[883902,754910],-1e-06
[884716,754463],[884716,754463],-1e-06
[884717,754459],[884717,754459],-1e-06
[885471,753804],[885471,753804],-1e-06
[885472,753800],[885472,753800],-1e-06
[885701,752857],[885701,752857],-1e-06
[885702,752853],[885702,752853],-1e-06
[886307,752040],[886307,752040],-1e-06
[886308,752036],[886308,752036],-1e-06
[898463,751793],[898463,751793],-1e-06
[898464,751789],[898464,751789],-1e-06
