[62731,1373434],[62731,1373434],0.000652
[898464,751789],[898464,751789],0.000657
[115736,1089377],[115736,1089377],1.03487
[252703,902748],[252703,902748],1.44096
[94529,1290167],[94529,1290167],2.98861
[128533,1033914],[128533,1033914],4.48248
[162345,982793],[162345,982793],4.89648
[216264,934480],[216264,934480],5.13941
[306279,858754],[306279,858754],5.29912
[361812,817030],[361812,817030],5.34689
[643357,777841],[643357,777841],5.36334
[172814,970184],[172814,970184],5.55556
[187902,957793],[187902,957793],5.66362
[202719,944882],[202719,944882],5.72512
[136284,1020204],[136284,1020204],5.93542
[140644,1006441],[140644,1006441],5.98089
[149763,993111],[149763,993111],6.02055
[63668,1352410],[63668,1352410],6.07579
[80296,1334847],[80296,1334847],6.3651
[95466,1269143],[95466,1269143],6.64808
[101900,1250620],[101900,1250620],7.02773
[111875,1234659],[111875,1234659],7.18176
[115840,1074762],[115840,1074762],7.2111
[120105,1053187],[120105,1053187],7.38331
[265054,891129],[265054,891129],7.53558
[279603,879801],[279603,879801],7.57587
[294336,868234],[294336,868234],7.59734
[378688,804140],[378688,804140],7.63285
[560613,793365],[560613,793365],7.65185
[622508,783434],[622508,783434],7.65688
[321813,847530],[321813,847530],7.69825
[334701,836470],[334701,836470],7.7182
[348867,824792],[348867,824792],7.73053
[223701,926022],[223701,926022],7.79834
[234205,917942],[234205,917942],7.82912
[243866,909921],[243866,909921],7.85617
[651626,770406],[651626,770406],7.8824
[739292,763540],[739292,763540],7.88373
[848906,756979],[848906,756979],7.88398
[95530,1263583],[95530,1263583],7.89868
[96739,1258649],[96739,1258649],7.99169
[101335,1254592],[101335,1254592],8.06088
[86986,1330431],[86986,1330431],8.266
[92540,1326145],[92540,1326145],8.34436
[63732,1346850],[63732,1346850],8.36822
[67498,1342497],[67498,1342497],8.40246
[73773,1338005],[73773,1338005],8.44205
[146025,1002553],[146025,1002553],8.49869
[149477,999282],[149477,999282],8.51609
[149489,995129],[149489,995129],8.51624
[120169,1047627],[120169,1047627],8.52274
[120604,1043838],[120604,1043838],8.53402
[102799,1246573],[102799,1246573],8.65518
[107302,1242202],[107302,1242202],8.76887
[109538,1237817],[109538,1237817],8.79604
[164380,979460],[164380,979460],8.86753
[166374,975240],[166374,975240],8.88924
[169116,971881],[169116,971881],8.89966
[116400,1071298],[116400,1071298],8.93387
[116834,1067513],[116834,1067513],8.95158
[118966,1064071],[118966,1064071],8.99052
[128597,1028354],[128597,1028354],9.00394
[131362,1024224],[131362,1024224],9.05296
[191814,954707],[191814,954707],9.11263
[195073,951511],[195073,951511],9.12985
[199928,948412],[199928,948412],9.14385
[136631,1015867],[136631,1015867],9.15496
[136695,1010307],[136695,1010307],9.15589
[176049,966882],[176049,966882],9.20472
[180978,963670],[180978,963670],9.23425
[184872,960046],[184872,960046],9.24729
[62795,1367874],[62795,1367874],9.25346
[63368,1363142],[63368,1363142],9.25775
[63664,1357427],[63664,1357427],9.26143
[339994,833299],[339994,833299],9.27525
[342188,830188],[342188,830188],9.27933
[347830,827425],[347830,827425],9.28365
[283774,876818],[283774,876818],9.3034
[287757,873865],[287757,873865],9.31172
[290945,870536],[290945,870536],9.31579
[368060,814060],[368060,814060],9.32809
[371779,810483],[371779,810483],9.33241
[374969,807717],[374969,807717],9.33449
[310864,855409],[310864,855409],9.3523
[313368,852675],[313368,852675],9.35606
[318628,849540],[318628,849540],9.35988
[415483,800018],[415483,800018],9.37242
[467715,795798],[467715,795798],9.37647
[255038,899816],[255038,899816],9.40872
[258757,896897],[258757,896897],9.42015
[261335,894048],[261335,894048],9.42458
[270205,888188],[270205,888188],9.45331
[272816,885345],[272816,885345],9.45946
[277376,881906],[277376,881906],9.46589
[326172,844793],[326172,844793],9.48146
[328982,841490],[328982,841490],9.486
[333256,838260],[333256,838260],9.48923
[575968,790713],[575968,790713],9.49239
[612533,787538],[612533,787538],9.49569
[620584,785033],[620584,785033],9.4976
[206655,941902],[206655,941902],9.5308
[209545,939204],[209545,939204],9.54213
[213141,936465],[213141,936465],9.55467
[153482,990192],[153482,990192],9.63218
[156712,987440],[156712,987440],9.65306
[160423,984857],[160423,984857],9.66944
[298769,865674],[298769,865674],9.6944
[300360,862831],[300360,862831],9.69921
[305390,860643],[305390,860643],9.70516
[94593,1284607],[94593,1284607],9.7153
[94927,1281344],[94927,1281344],9.73944
[95449,1275986],[95449,1275986],9.76492
[236594,915523],[236594,915523],9.77814
[240680,913008],[240680,913008],9.78864
[242717,910987],[242717,910987],9.79218
[218491,932375],[218491,932375],9.8171
[220967,929045],[220967,929045],9.82451
[223471,926969],[223471,926969],9.82746
[227264,923277],[227264,923277],9.84607
[229768,921201],[229768,921201],9.85099
[234041,918632],[234041,918632],9.85482
[353623,822667],[353623,822667],9.86224
[357312,820038],[357312,820038],9.8651
[358803,818218],[358803,818218],9.8664
[686830,768707],[686830,768707],9.87113
[688421,766284],[688421,766284],9.87135
[736903,763834],[736903,763834],9.87181
[740883,761117],[740883,761117],9.87212
[834157,758814],[834157,758814],9.87252
[644947,775802],[644947,775802],9.87487
[647839,773839],[647839,773839],9.87602
[650265,771882],[650265,771882],9.87647
[245762,908083],[245762,908083],9.89491
[248784,906166],[248784,906166],9.90673
[250163,904153],[250163,904153],9.91052
[624371,781600],[624371,781600],9.91724
[640921,780107],[640921,780107],9.91922
[641772,778660],[641772,778660],9.91964
[882520,755473],[882520,755473],9.92052
[885471,753804],[885471,753804],9.92053
[886307,752040],[886307,752040],9.92055
[114783,1232053],[114783,1232053],9.99389
[95777,1262535],[95777,1262535],10.0224
[95880,1261101],[95880,1261101],10.0273
[96425,1260009],[96425,1260009],10.043
[162575,981846],[162575,981846],10.0536
[164142,980743],[164142,980743],10.0711
[164372,979796],[164372,979796],10.0719
[69047,1341360],[69047,1341360],10.0864
[70307,1340103],[70307,1340103],10.0947
[71856,1338966],[71856,1338966],10.1059
[63997,1345249],[63997,1345249],10.1171
[65546,1344112],[65546,1344112],10.1259
[97952,1257383],[97952,1257383],10.1846
[99365,1256308],[99365,1256308],10.2121
[100749,1255264],[100749,1255264],10.227
[116070,1073815],[116070,1073815],10.236
[116239,1072434],[116239,1072434],10.2386
[116363,1071483],[116363,1071483],10.2396
[108910,1240937],[108910,1240937],10.2708
[109221,1239684],[109221,1239684],10.275
[109529,1238554],[109529,1238554],10.2777
[143329,1005583],[143329,1005583],10.2963
[143866,1004025],[143866,1004025],10.2987
[88607,1329062],[88607,1329062],10.3463
[90487,1327679],[90487,1327679],10.3653
[91732,1326550],[91732,1326550],10.3718
[104412,1245490],[104412,1245490],10.4395
[105976,1244181],[105976,1244181],10.4597
[107072,1243149],[107072,1243149],10.4656
[102147,1249572],[102147,1249572],10.4854
[102250,1248138],[102250,1248138],10.4916
[102795,1247046],[102795,1247046],10.5014
[166302,978591],[166302,978591],10.5257
[166330,976311],[166330,976311],10.526
[94204,1324649],[94204,1324649],10.5586
[82652,1333639],[82652,1333639],10.6176
[84385,1332464],[84385,1332464],10.6392
[85975,1331331],[85975,1331331],10.6495
[196222,950445],[196222,950445],10.6606
[197437,949602],[197437,949602],10.6645
[198792,948592],[198792,948592],10.6673
[132565,1023123],[132565,1023123],10.6839
[134839,1021994],[134839,1021994],10.697
[135069,1021047],[135069,1021047],10.6977
[173545,968958],[173545,968958],10.7088
[175482,968097],[175482,968097],10.717
[175712,967150],[175712,967150],10.7175
[182423,962762],[182423,962762],10.7287
[182653,961815],[182653,961815],10.7297
[183868,960972],[183868,960972],10.7327
[120834,1042891],[120834,1042891],10.7407
[124539,1041867],[124539,1041867],10.7699
[124769,1040920],[124769,1040920],10.7711
[188132,956846],[188132,956846],10.7802
[189281,955780],[189281,955780],10.7885
[190496,954937],[190496,954937],10.7909
[191851,953927],[191851,953927],10.7943
[194202,952904],[194202,952904],10.8046
[195065,951847],[195065,951847],10.8065
[147240,1001710],[147240,1001710],10.8162
[149322,1000565],[149322,1000565],10.8248
[149468,999546],[149468,999546],10.8253
[128628,1027247],[128628,1027247],10.828
[128858,1026300],[128858,1026300],10.8306
[131132,1025171],[131132,1025171],10.8477
[120171,1046703],[120171,1046703],10.8496
[120401,1045756],[120401,1045756],10.8536
[120570,1044375],[120570,1044375],10.8554
[117064,1066566],[117064,1066566],10.8656
[118701,1065288],[118701,1065288],10.893
[118847,1064356],[118847,1064356],10.8942
[166604,974293],[166604,974293],10.9
[168878,973164],[168878,973164],10.9101
[169108,972217],[169108,972217],10.9105
[177264,966039],[177264,966039],10.9208
[179009,965162],[179009,965162],10.9275
[180633,964274],[180633,964274],10.9311
[116401,1070378],[116401,1070378],10.9326
[116631,1069431],[116631,1069431],10.9373
[116800,1068050],[116800,1068050],10.9396
[63550,1361828],[63550,1361828],10.9448
[63651,1359253],[63651,1359253],10.946
[63060,1366273],[63060,1366273],10.9477
[63103,1364743],[63103,1364743],10.9479
[289254,873159],[289254,873159],10.9529
[290668,872222],[290668,872222],10.955
[290715,871483],[290715,871483],10.9551
[336776,835016],[336776,835016],10.9601
[338851,834137],[338851,834137],10.961
[257104,898818],[257104,898818],10.9675
[257542,897740],[257542,897740],10.9686
[364522,815818],[364522,815818],10.9749
[367658,815010],[367658,815010],10.976
[253918,901905],[253918,901905],10.9865
[254808,900763],[254808,900763],10.988
[344746,829319],[344746,829319],10.9941
[345148,828369],[345148,828369],10.9945
[280818,878958],[280818,878958],11.0019
[283646,878179],[283646,878179],11.0051
[322043,846583],[322043,846583],11.0082
[324519,845258],[324519,845258],11.0128
[306427,858010],[306427,858010],11.0151
[306657,857063],[306657,857063],11.0162
[307872,856220],[307872,856220],11.0178
[330479,840784],[330479,840784],11.022
[332827,839540],[332827,839540],11.0234
[274031,884502],[274031,884502],11.0266
[277012,883643],[277012,883643],11.0316
[277146,882853],[277146,882853],11.0319
[267734,890270],[267734,890270],11.0413
[268276,888713],[268276,888713],11.0422
[378918,803193],[378918,803193],11.0451
[576574,789896],[576574,789896],11.0494
[610963,788648],[610963,788648],11.0514
[612763,786591],[612763,786591],11.0517
[613369,785774],[613369,785774],11.0521
[617355,785152],[617355,785152],11.0524
[284004,875871],[284004,875871],11.0541
[285219,875028],[285219,875028],11.0568
[270435,887241],[270435,887241],11.0605
[271650,886398],[271650,886398],11.0632
[313598,851728],[313598,851728],11.0656
[314813,850885],[314813,850885],11.0671
[415713,799071],[415713,799071],11.0692
[463965,797568],[463965,797568],11.0717
[369815,812647],[369815,812647],11.0744
[312875,854023],[312875,854023],11.0795
[561219,792548],[561219,792548],11.0802
[575738,791660],[575738,791660],11.0807
[261105,894995],[261105,894995],11.0878
[326214,843600],[326214,843600],11.0895
[326444,842653],[326444,842653],11.0902
[341958,831135],[341958,831135],11.0959
[372009,809536],[372009,809536],11.0974
[374567,808667],[374567,808667],11.0988
[136925,1009360],[136925,1009360],11.103
[139199,1008231],[139199,1008231],11.1131
[139429,1007284],[139429,1007284],11.1137
[200215,946958],[200215,946958],11.1184
[200445,946011],[200445,946011],11.1193
[119132,1063265],[119132,1063265],11.1256
[263609,892919],[263609,892919],11.1439
[263839,891972],[263839,891972],11.1442
[207386,940676],[207386,940676],11.149
[209323,939815],[209323,939815],11.1522
[202949,943935],[202949,943935],11.1569
[204164,943092],[204164,943092],11.1622
[209898,938264],[209898,938264],11.1691
[211113,937421],[211113,937421],11.1724
[109768,1236870],[109768,1236870],11.1816
[111248,1235976],[111248,1235976],11.1996
[111700,1235169],[111700,1235169],11.2018
[152037,991982],[152037,991982],11.2277
[152267,991035],[152267,991035],11.2287
[155973,989002],[155973,989002],11.2461
[156704,987776],[156704,987776],11.2486
[158863,986304],[158863,986304],11.2615
[159216,985364],[159216,985364],11.2628
[295551,867391],[295551,867391],11.2733
[297554,866517],[297554,866517],11.2753
[301575,861988],[301575,861988],11.2791
[303923,860744],[303923,860744],11.2807
[299370,865097],[299370,865097],11.2835
[299982,864522],[299982,864522],11.2846
[300130,863778],[300130,863778],11.2848
[95044,1280540],[95044,1280540],11.2907
[95201,1279724],[95201,1279724],11.2946
[95288,1278804],[95288,1278804],11.2965
[94823,1283660],[94823,1283660],11.3068
[94901,1281476],[94901,1281476],11.3092
[186087,959203],[186087,959203],11.3165
[187894,958129],[187894,958129],11.3192
[236939,914919],[236939,914919],11.3209
[238154,914076],[238154,914076],11.3231
[239891,913535],[239891,913535],11.324
[224916,925179],[224916,925179],11.3303
[234435,916995],[234435,916995],11.3345
[236364,916470],[236364,916470],11.3366
[242165,912406],[242165,912406],11.3401
[242395,911459],[242395,911459],11.3405
[216486,933869],[216486,933869],11.3434
[217701,933026],[217701,933026],11.3483
[218713,931764],[218713,931764],11.3506
[219928,930921],[219928,930921],11.3537
[227494,922330],[227494,922330],11.3559
[229998,920254],[229998,920254],11.3596
[231213,919411],[231213,919411],11.361
[221197,928098],[221197,928098],11.3624
[223122,927498],[223122,927498],11.3647
[354127,821657],[354127,821657],11.3658
[356808,821048],[356808,821048],11.3665
[833321,760578],[833321,760578],11.3671
[833551,759631],[833551,759631],11.3671
[358299,819228],[358299,819228],11.3686
[349097,823845],[349097,823845],11.3701
[648069,772892],[648069,772892],11.3721
[645559,775227],[645559,775227],11.3729
[647829,774148],[647829,774148],11.3731
[651856,769459],[651856,769459],11.3736
[684864,768770],[684864,768770],11.3741
[688651,765337],[688651,765337],11.3743
[736673,764781],[736673,764781],11.3745
[644120,777416],[644120,777416],11.3754
[644717,776749],[644717,776749],11.3756
[75127,1337161],[75127,1337161],11.393
[75357,1336214],[75357,1336214],11.3946
[76920,1335489],[76920,1335489],11.3991
[214811,935724],[214811,935724],11.4091
[215640,934939],[215640,934939],11.4102
[687060,767760],[687060,767760],11.411
[278591,881063],[278591,881063],11.4149
[467945,794851],[467945,794851],11.416
[560383,794312],[560383,794312],11.4185
[244750,909345],[244750,909345],11.4234
[249014,905219],[249014,905219],11.4275
[246977,907240],[246977,907240],11.4339
[740653,762064],[740653,762064],11.4359
[622278,784381],[622278,784381],11.4362
[292160,869693],[292160,869693],11.4386
[294106,869181],[294106,869181],11.4395
[162160,984316],[162160,984316],11.4441
[162301,983864],[162301,983864],11.4443
[635306,780409],[635306,780409],11.4462
[624141,782547],[624141,782547],11.4471
[319535,848996],[319535,848996],11.4493
[320147,848421],[320147,848421],11.4498
[170323,971374],[170323,971374],11.4538
[172592,970795],[172592,970795],11.4569
[848676,757926],[848676,757926],11.4575
[115102,1231435],[115102,1231435],11.4607
[112194,1234041],[112194,1234041],11.4737
[113368,1233333],[113368,1233333],11.4859
[113687,1232715],[113687,1232715],11.4871
[849512,756162],[849512,756162],11.4913
[251378,903310],[251378,903310],11.4936
[333486,837313],[333486,837313],11.4955
[149533,994058],[149533,994058],11.496
[305475,860287],[305475,860287],11.5044
[306049,859701],[306049,859701],11.5052
[641160,779235],[641160,779235],11.5057
[243535,910188],[243535,910188],11.5075
[883901,754914],[883901,754914],11.5078
[884716,754463],[884716,754463],11.5078
[376521,807260],[376521,807260],11.5087
[63703,1351756],[63703,1351756],11.5106
[63711,1351267],[63711,1351267],11.5108
[885701,752857],[885701,752857],11.5119
[115738,1088453],[115738,1088453],11.5123
[115774,1081246],[115774,1081246],11.513
[115776,1080322],[115776,1080322],11.513
[115819,1079179],[115819,1079179],11.5134
[115838,1075686],[115838,1075686],11.5136
[642228,778409],[642228,778409],11.5145
[643356,778225],[643356,778225],11.5146
[145795,1003500],[145795,1003500],11.5179
[68682,1341890],[68682,1341890],11.5233
[90894,1327195],[90894,1327195],11.5276
[91665,1326913],[91665,1326913],11.5308
[109418,1239352],[109418,1239352],11.5335
[109451,1238737],[109451,1238737],11.5338
[198447,949196],[198447,949196],11.5366
[198784,948928],[198784,948928],11.5369
[70077,1341050],[70077,1341050],11.5417
[70272,1340757],[70272,1340757],11.5422
[162583,981510],[162583,981510],11.5429
[108636,1241719],[108636,1241719],11.5613
[108764,1241348],[108764,1241348],11.5623
[147585,1001106],[147585,1001106],11.5647
[88962,1328493],[88962,1328493],11.5711
[166294,978927],[166294,978927],11.5877
[116869,1067243],[116869,1067243],11.5887
[116967,1066967],[116967,1066967],11.5899
[65511,1344766],[65511,1344766],11.5964
[164150,980407],[164150,980407],11.5969
[87393,1329947],[87393,1329947],11.6019
[87413,1329630],[87413,1329630],11.6021
[143636,1004972],[143636,1004972],11.6072
[67268,1343444],[67268,1343444],11.6114
[67463,1343151],[67463,1343151],11.6116
[96110,1260154],[96110,1260154],11.6269
[95563,1262968],[95563,1262968],11.6305
[95760,1262636],[95760,1262636],11.6327
[98537,1257077],[98537,1257077],11.6417
[98844,1256733],[98844,1256733],11.6448
[98871,1256441],[98871,1256441],11.645
[97142,1258076],[97142,1258076],11.6582
[97925,1257675],[97925,1257675],11.6643
[120869,1042621],[120869,1042621],11.6658
[124504,1042137],[124504,1042137],11.6767
[177272,965703],[177272,965703],11.6778
[179001,965498],[179001,965498],11.6803
[99785,1255969],[99785,1255969],11.6962
[100175,1255615],[100175,1255615],11.6997
[117099,1066296],[117099,1066296],11.7038
[117197,1066020],[117197,1066020],11.7049
[118685,1065802],[118685,1065802],11.7122
[63767,1346196],[63767,1346196],11.7133
[63962,1345903],[63962,1345903],11.714
[95793,1262021],[95793,1262021],11.7149
[181505,963422],[181505,963422],11.7185
[181513,963086],[181513,963086],11.7185
[103109,1245686],[103109,1245686],11.7332
[106202,1243709],[106202,1243709],11.7415
[193036,953532],[193036,953532],11.7496
[194194,953240],[194194,953240],11.7507
[104496,1245075],[104496,1245075],11.7525
[104589,1244792],[104589,1244792],11.7531
[92946,1325665],[92946,1325665],11.7628
[93394,1325342],[93394,1325342],11.7655
[196214,950781],[196214,950781],11.7709
[82274,1334230],[82274,1334230],11.7935
[83488,1333345],[83488,1333345],11.8035
[83895,1332861],[83895,1332861],11.8077
[172822,969848],[172822,969848],11.8096
[173323,969569],[173323,969569],11.8107
[84997,1331955],[84997,1331955],11.8165
[85775,1331478],[85775,1331478],11.82
[173553,968622],[173553,968622],11.8208
[102480,1247191],[102480,1247191],11.8297
[194843,952458],[194843,952458],11.8328
[197232,950039],[197232,950039],11.8354
[71821,1339620],[71821,1339620],11.8452
[162353,982457],[162353,982457],11.8461
[108994,1240401],[108994,1240401],11.8478
[109140,1239990],[109140,1239990],11.8487
[189273,956116],[189273,956116],11.8797
[183860,961308],[183860,961308],11.8824
[166612,973957],[166612,973957],11.8827
[175704,967486],[175704,967486],11.887
[102163,1249058],[102163,1249058],11.8881
[179755,964849],[179755,964849],11.8914
[179763,964513],[179763,964513],11.8914
[188124,957182],[188124,957182],11.8932
[146370,1001949],[146370,1001949],11.8945
[166382,974904],[166382,974904],11.8956
[176057,966546],[176057,966546],11.8965
[176927,966307],[176927,966307],11.8989
[190488,955273],[190488,955273],11.9015
[101933,1250005],[101933,1250005],11.9023
[102130,1249673],[102130,1249673],11.9048
[63478,1362821],[63478,1362821],11.9147
[63512,1362412],[63512,1362412],11.9149
[118736,1065018],[118736,1065018],11.9179
[118812,1064626],[118812,1064626],11.9185
[168886,972828],[168886,972828],11.9196
[120639,1043568],[120639,1043568],11.9204
[63138,1364089],[63138,1364089],11.9226
[63248,1363768],[63248,1363768],11.9227
[124734,1041190],[124734,1041190],11.9237
[116273,1071897],[116273,1071897],11.9242
[116308,1071627],[116308,1071627],11.9243
[346700,827912],[346700,827912],11.9303
[290249,872840],[290249,872840],11.9318
[252733,902300],[252733,902300],11.9366
[414785,802590],[414785,802590],11.944
[335891,835956],[335891,835956],11.9475
[342800,829613],[342800,829613],11.9488
[271995,885794],[271995,885794],11.9497
[268046,889660],[268046,889660],11.9504
[276038,884172],[276038,884172],11.9625
[363307,816661],[363307,816661],11.9661
[338239,834712],[338239,834712],11.9674
[323304,846101],[323304,846101],11.9703
[329293,840896],[329293,840896],11.9716
[286542,874708],[286542,874708],11.9746
[286544,874466],[286544,874466],11.9746
[260033,896657],[260033,896657],11.9768
[317578,850593],[317578,850593],11.9784
[331474,840465],[331474,840465],11.9798
[368672,813485],[368672,813485],11.9813
[341342,833054],[341342,833054],11.9836
[341806,832828],[341806,832828],11.9838
[270780,886637],[270780,886637],11.985
[311687,854875],[311687,854875],11.9865
[443306,798726],[443306,798726],11.9881
[463735,798515],[463735,798515],11.9884
[588730,789649],[588730,789649],11.9889
[610357,789465],[610357,789465],11.9894
[287759,873623],[287759,873623],11.99
[371163,812402],[371163,812402],11.9927
[372621,808961],[372621,808961],11.9937
[182645,962151],[182645,962151],11.9948
[62830,1367220],[62830,1367220],11.9954
[63025,1366927],[63025,1366927],11.9956
[365712,815304],[365712,815304],12.0043
[200171,948029],[200171,948029],12.0094
[200223,946622],[200223,946622],12.0096
[119042,1063679],[119042,1063679],12.0186
[119077,1063409],[119077,1063409],12.0187
[204172,942756],[204172,942756],12.0237
[206433,942513],[206433,942513],12.0251
[209553,938868],[209553,938868],12.0254
[209890,938600],[209890,938600],12.0262
[207394,940340],[207394,940340],12.0264
[209315,940151],[209315,940151],12.028
[202957,943599],[202957,943599],12.0283
[210768,938025],[210768,938025],12.0322
[211105,937757],[211105,937757],12.0326
[206663,941566],[206663,941566],12.0328
[207164,941287],[207164,941287],12.0337
[211934,936972],[211934,936972],12.0352
[202727,944546],[202727,944546],12.0358
[94562,1289552],[94562,1289552],12.0396
[94572,1289024],[94572,1289024],12.0398
[95499,1268528],[95499,1268528],12.0438
[95509,1268000],[95509,1268000],12.0443
[110087,1236252],[110087,1236252],12.0501
[149771,992775],[149771,992775],12.0529
[153490,989856],[153490,989856],12.0582
[155751,989613],[155751,989613],12.062
[111474,1235641],[111474,1235641],12.0637
[111567,1235358],[111567,1235358],12.064
[158633,987251],[158633,987251],12.0691
[158641,986915],[158641,986915],12.0691
[158871,985968],[158871,985968],12.07
[159208,985700],[159208,985700],12.0705
[152045,991646],[152045,991646],12.0721
[155981,988666],[155981,988666],12.0726
[156270,988466],[156270,988466],12.0731
[109759,1237607],[109759,1237607],12.076
[302708,861587],[302708,861587],12.0805
[360456,817753],[360456,817753],12.0833
[299160,865539],[299160,865539],12.0852
[95164,1279914],[95164,1279914],12.0873
[95251,1278994],[95251,1278994],12.0889
[94626,1283992],[94626,1283992],12.0901
[94856,1283045],[94856,1283045],12.0918
[94934,1280861],[94934,1280861],12.0929
[328404,842238],[328404,842238],12.0958
[73578,1338298],[73578,1338298],12.1022
[86010,1330677],[86010,1330677],12.1038
[184880,959710],[184880,959710],12.1051
[186095,958867],[186095,958867],12.1067
[216494,933533],[216494,933533],12.1133
[219936,930585],[219936,930585],12.1157
[241956,912768],[241956,912768],12.1178
[223114,927834],[223114,927834],12.1197
[218721,931428],[218721,931428],12.1199
[226192,924939],[226192,924939],12.1224
[217709,932690],[217709,932690],12.1236
[237809,914680],[237809,914680],12.1256
[239465,913851],[239465,913851],12.1303
[353393,823614],[353393,823614],12.1358
[644948,775418],[644948,775418],12.1363
[73808,1337351],[73808,1337351],12.1376
[75322,1336868],[75322,1336868],12.1455
[101189,1255003],[101189,1255003],12.1487
[101230,1254737],[101230,1254737],12.1489
[643968,777650],[643968,777650],12.1508
[704089,765235],[704089,765235],12.1511
[716244,764992],[716244,764992],12.1511
[297945,866382],[297945,866382],12.1518
[213149,936129],[213149,936129],12.1524
[214474,935992],[214474,935992],12.153
[120107,1052263],[120107,1052263],12.1537
[120148,1052044],[120148,1052044],12.154
[120150,1051120],[120150,1051120],12.154
[214819,935388],[214819,935388],12.1545
[646015,774976],[646015,774976],12.1549
[180970,964006],[180970,964006],12.1567
[278922,880796],[278922,880796],12.158
[277707,881639],[277707,881639],12.1595
[753039,760870],[753039,760870],12.1603
[644491,777298],[644491,777298],12.1606
[480101,794604],[480101,794604],12.161
[245081,909078],[245081,909078],12.1663
[245221,908911],[245221,908911],12.1666
[249933,905100],[249933,905100],12.1723
[128564,1032807],[128564,1032807],12.1737
[95346,1278600],[95346,1278600],12.1754
[95442,1278324],[95442,1278324],12.1769
[107156,1242613],[107156,1242613],12.1795
[216256,934816],[216256,934816],12.1809
[293483,869373],[293483,869373],12.183
[62766,1372780],[62766,1372780],12.1832
[62774,1372291],[62774,1372291],12.1832
[136674,1014724],[136674,1014724],12.1845
[200453,945675],[200453,945675],12.1858
[152275,990699],[152275,990699],12.187
[326086,844961],[326086,844961],12.1887
[160431,984521],[160431,984521],12.1888
[160086,985125],[160086,985125],12.1914
[162168,983980],[162168,983980],12.1917
[635076,781356],[635076,781356],12.1927
[124824,1040776],[124824,1040776],12.1934
[184650,960657],[184650,960657],12.1983
[319843,848697],[319843,848697],12.199
[170331,971038],[170331,971038],12.1992
[115098,1231908],[115098,1231908],12.2074
[112190,1234514],[112190,1234514],12.2113
[113355,1233765],[113355,1233765],12.2223
[113674,1233147],[113674,1233147],12.2242
[348854,827331],[348854,827331],12.2256
[96429,1259536],[96429,1259536],12.2259
[251518,903143],[251518,903143],12.2287
[252701,902990],[252701,902990],12.2294
[861668,755915],[861668,755915],12.2295
[149541,993722],[149541,993722],12.2297
[644718,776365],[644718,776365],12.2313
[898463,751793],[898463,751793],12.2323
[101675,1254471],[101675,1254471],12.2358
[624344,782449],[624344,782449],12.2385
[847921,758585],[847921,758585],12.2392
[92072,1326429],[92072,1326429],12.2408
[92108,1326310],[92108,1326310],12.2409
[92448,1326189],[92448,1326189],12.2414
[118902,1064212],[118902,1064212],12.2442
[622481,784283],[622481,784283],12.245
[233594,919303],[233594,919303],12.2464
[190636,954770],[190636,954770],12.2523
[191813,954711],[191813,954711],12.2525
[640999,779942],[640999,779942],12.2531
[115817,1080103],[115817,1080103],12.2541
[90452,1328333],[90452,1328333],12.2583
[118667,1065825],[118667,1065825],12.2694
[104722,1244603],[104722,1244603],12.2712
[117142,1066164],[117142,1066164],12.2728
[82614,1334109],[82614,1334109],12.2764
[87559,1329540],[87559,1329540],12.281
[88540,1329425],[88540,1329425],12.2847
[81103,1334776],[81103,1334776],12.2896
[81249,1334686],[81249,1334686],12.2902
[100266,1255442],[100266,1255442],12.2936
[194342,952737],[194342,952737],12.2949
[71626,1339913],[71626,1339913],12.2988
[116912,1067111],[116912,1067111],12.2993
[65316,1345059],[65316,1345059],12.3025
[87326,1330310],[87326,1330310],12.3042
[120924,1042477],[120924,1042477],12.3055
[96101,1260891],[96101,1260891],12.3113
[93285,1325591],[93285,1325591],12.314
[92782,1325940],[92782,1325940],12.3256
[108689,1241591],[108689,1241591],12.3264
[175474,968433],[175474,968433],12.3288
[192987,953747],[192987,953747],12.3341
[95871,1261838],[95871,1261838],12.3351
[108543,1242002],[108543,1242002],12.3424
[91701,1326794],[91701,1326794],12.3455
[98061,1257134],[98061,1257134],12.3465
[85710,1331809],[85710,1331809],12.3504
[91234,1327074],[91234,1327074],12.3519
[197577,949435],[197577,949435],12.3541
[132335,1024070],[132335,1024070],12.3631
[97482,1257955],[97482,1257955],12.3693
[97889,1257835],[97889,1257835],12.3705
[102471,1247928],[102471,1247928],12.3727
[84235,1332740],[84235,1332740],12.3755
[95556,1263451],[95556,1263451],12.3762
[106926,1243560],[106926,1243560],12.3786
[97079,1258528],[97079,1258528],12.3822
[179419,965113],[179419,965113],12.3832
[102241,1248875],[102241,1248875],12.3885
[106109,1243992],[106109,1243992],12.3891
[88947,1328941],[88947,1328941],12.391
[190406,955717],[190406,955717],12.394
[116444,1070246],[116444,1070246],12.3944
[109403,1239518],[109403,1239518],12.3964
[102115,1249839],[102115,1249839],12.3992
[195992,951392],[195992,951392],12.4035
[93746,1325235],[93746,1325235],12.4167
[94086,1325114],[94086,1325114],12.4176
[189051,956727],[189051,956727],12.4198
[99835,1255736],[99835,1255736],12.4204
[99456,1256135],[99456,1256135],12.4235
[90827,1327558],[90827,1327558],12.4289
[95745,1262802],[95745,1262802],12.4309
[120694,1043424],[120694,1043424],12.4312
[83828,1333224],[83828,1333224],12.4334
[116674,1069299],[116674,1069299],12.4353
[197429,949938],[197429,949938],12.4363
[197224,950375],[197224,950375],12.4374
[63405,1362952],[63405,1362952],12.4477
[124594,1041723],[124594,1041723],12.4486
[118791,1064874],[118791,1064874],12.4498
[63644,1361591],[63644,1361591],12.4504
[290387,872758],[290387,872758],12.4509
[283621,878875],[283621,878875],12.4522
[256874,899765],[256874,899765],12.4532
[413316,803138],[413316,803138],12.456
[267282,890972],[267282,890972],12.4591
[431150,798973],[431150,798973],12.4603
[253916,902147],[253916,902147],12.4643
[370206,812512],[370206,812512],12.4722
[318124,850550],[318124,850550],12.473
[318398,850487],[318398,850487],12.4731
[275810,884449],[275810,884449],12.4751
[340385,833164],[340385,833164],12.4759
[109435,1239251],[109435,1239251],12.4767
[257312,898687],[257312,898687],12.4786
[63175,1363899],[63175,1363899],12.4815
[357082,820985],[357082,820985],12.4869
[191819,954617],[191819,954617],12.4878
[191821,954375],[191821,954375],12.4878
[191843,954263],[191843,954263],12.4878
[119021,1063927],[119021,1063927],12.4939
[101926,1250488],[101926,1250488],12.4942
[310833,856121],[310833,856121],12.4948
[206400,942599],[206400,942599],12.5
[211926,937308],[211926,937308],12.5007
[95462,1274160],[95462,1274160],12.5074
[116399,1071302],[116399,1071302],12.509
[110083,1236725],[110083,1236725],12.5142
[95492,1269011],[95492,1269011],12.5221
[111381,1235787],[111381,1235787],12.5224
[296411,867355],[296411,867355],12.5253
[95148,1280428],[95148,1280428],12.5287
[94971,1280671],[94971,1280671],12.5289
[94619,1284475],[94619,1284475],12.5296
[94840,1283559],[94840,1283559],12.5318
[94808,1283826],[94808,1283826],12.5418
[94555,1290035],[94555,1290035],12.5499
[76885,1336143],[76885,1336143],12.5609
[100932,1255165],[100932,1255165],12.5646
[279373,880748],[279373,880748],12.5699
[704088,765239],[704088,765239],12.5713
[215632,935275],[215632,935275],12.572
[647505,774933],[647505,774933],12.5784
[108782,1241308],[108782,1241308],12.5817
[644042,777581],[644042,777581],12.5826
[135799,1020965],[135799,1020965],12.584
[358573,819165],[358573,819165],12.5855
[650035,772829],[650035,772829],12.5876
[124818,1040884],[124818,1040884],12.5935
[628309,781527],[628309,781527],12.5937
[277025,883606],[277025,883606],12.5967
[622544,783414],[622544,783414],12.5981
[624115,783392],[624115,783392],12.5982
[251288,904090],[251288,904090],12.611
[353897,822604],[353897,822604],12.619
[156482,988387],[156482,988387],12.6198
[85788,1331417],[85788,1331417],12.631
[118896,1064320],[118896,1064320],12.6347
[119126,1063373],[119126,1063373],12.6359
[99347,1256384],[99347,1256384],12.6377
[116357,1071591],[116357,1071591],12.6401
[90142,1328461],[90142,1328461],12.642
[83022,1333621],[83022,1333621],12.6511
[100421,1255426],[100421,1255426],12.6558
[165087,979434],[165087,979434],12.6658
[96031,1261069],[96031,1261069],12.6692
[120918,1042585],[120918,1042585],12.6803
[67234,1344094],[67234,1344094],12.6844
[93286,1325544],[93286,1325544],12.6916
[91325,1327034],[91325,1327034],12.6948
[179418,965117],[179418,965117],12.6952
[117155,1066148],[117155,1066148],12.699
[117191,1066128],[117191,1066128],12.6991
[131101,1026278],[131101,1026278],12.7031
[102401,1248106],[102401,1248106],12.7058
[87378,1330284],[87378,1330284],12.7082
[116925,1067095],[116925,1067095],12.722
[116961,1067075],[116961,1067075],12.722
[266519,891113],[266519,891113],12.7269
[118809,1064851],[118809,1064851],12.7316
[120399,1046680],[120399,1046680],12.7335
[128576,1032771],[128576,1032771],12.7439
[275797,884486],[275797,884486],12.7449
[109444,1239220],[109444,1239220],12.7465
[116068,1074739],[116068,1074739],12.7533
[118719,1065265],[118719,1065265],12.7638
[622314,784361],[622314,784361],12.7644
[118984,1064048],[118984,1064048],12.7667
[119015,1064035],[119015,1064035],12.7667
[120688,1043532],[120688,1043532],12.7679
[119039,1063904],[119039,1063904],12.7729
[118754,1064995],[118754,1064995],12.7776
[118785,1064982],[118785,1064982],12.7777
[124588,1041831],[124588,1041831],12.7779
[95157,1280397],[95157,1280397],12.7784
[109689,1237785],[109689,1237785],12.7808
[73543,1338952],[73543,1338952],12.786
[95132,1280525],[95132,1280525],12.7874
[94849,1283528],[94849,1283528],12.7875
[101089,1255143],[101089,1255143],12.8057
[92539,1326149],[92539,1326149],12.8085
[246436,908068],[246436,908068],12.8096
[644424,777399],[644424,777399],12.8167
[102156,1249541],[102156,1249541],12.8171
[95786,1262504],[95786,1262504],12.8177
[95173,1279905],[95173,1279905],12.8241
[374740,808660],[374740,808660],12.8282
[104280,1245675],[104280,1245675],12.8314
[624114,783396],[624114,783396],12.8343
[297626,866512],[297626,866512],12.8354
[368673,813481],[368673,813481],12.8383
[338852,834133],[338852,834133],12.8387
[329294,840892],[329294,840892],12.8388
[560614,793361],[560614,793361],12.8392
[641000,779938],[641000,779938],12.8403
[248785,906162],[248785,906162],12.8404
[612764,786587],[612764,786587],12.8405
[372622,808957],[372622,808957],12.8406
[251379,903306],[251379,903306],12.841
[190637,954766],[190637,954766],12.842
[333487,837309],[333487,837309],12.8422
[99025,1256429],[99025,1256429],12.8424
[243536,910184],[243536,910184],12.8426
[646016,774972],[646016,774972],12.8428
[320148,848417],[320148,848417],12.8429
[119078,1063405],[119078,1063405],12.843
[213142,936461],[213142,936461],12.8431
[149469,999542],[149469,999542],12.8438
[118903,1064208],[118903,1064208],12.8439
[156483,988383],[156483,988383],12.844
[116309,1071623],[116309,1071623],12.8441
[231214,919407],[231214,919407],12.8442
[651857,769455],[651857,769455],12.8443
[319844,848693],[319844,848693],12.8444
[305476,860283],[305476,860283],12.8445
[193037,953528],[193037,953528],12.8446
[192988,953743],[192988,953743],12.8448
[191852,953923],[191852,953923],12.8449
[189282,955776],[189282,955776],12.8451
[124770,1040916],[124770,1040916],12.8453
[120925,1042473],[120925,1042473],12.8454
[120695,1043420],[120695,1043420],12.847
[120402,1045752],[120402,1045752],12.8474
[177273,965699],[177273,965699],12.8476
[176058,966542],[176058,966542],12.8478
[172823,969844],[172823,969844],12.8481
[166613,973953],[166613,973953],12.8482
[165088,979430],[165088,979430],12.8485
[164381,979456],[164381,979456],12.8489
[162584,981506],[162584,981506],12.8491
[255039,899812],[255039,899812],12.8495
[118668,1065821],[118668,1065821],12.8497
[117198,1066016],[117198,1066016],12.8498
[116968,1066963],[116968,1066963],12.8506
[116675,1069295],[116675,1069295],12.8509
[116445,1070242],[116445,1070242],12.8511
[116071,1073811],[116071,1073811],12.8512
[109404,1239514],[109404,1239514],12.8513
[109222,1239680],[109222,1239680],12.8514
[94358,1324637],[94358,1324637],12.8518
[107303,1242198],[107303,1242198],12.8519
[106927,1243556],[106927,1243556],12.8533
[106203,1243705],[106203,1243705],12.8534
[106110,1243988],[106110,1243988],12.8537
[104723,1244599],[104723,1244599],12.8541
[105893,1244592],[105893,1244592],12.8545
[104497,1245071],[104497,1245071],12.8548
[90395,1328450],[90395,1328450],12.855
[102800,1246569],[102800,1246569],12.8565
[101934,1250001],[101934,1250001],12.858
[83021,1333625],[83021,1333625],12.8591
[147586,1001102],[147586,1001102],12.8602
[146371,1001945],[146371,1001945],12.8611
[99457,1256131],[99457,1256131],12.8616
[98538,1257073],[98538,1257073],12.8625
[97953,1257379],[97953,1257379],12.8628
[97483,1257951],[97483,1257951],12.863
[140645,1006437],[140645,1006437],12.8634
[97143,1258072],[97143,1258072],12.8638
[96740,1258645],[96740,1258645],12.8646
[67233,1344098],[67233,1344098],12.8653
[96032,1261065],[96032,1261065],12.8656
[95881,1261097],[95881,1261097],12.8657
[330480,840780],[330480,840780],12.8659
[95564,1262964],[95564,1262964],12.8661
[95531,1263579],[95531,1263579],12.8664
[322044,846579],[322044,846579],12.8665
[313599,851724],[313599,851724],12.8667
[132566,1023119],[132566,1023119],12.8669
[132336,1024066],[132336,1024066],12.8673
[131363,1024220],[131363,1024220],12.8675
[131102,1026274],[131102,1026274],12.8677
[128859,1026296],[128859,1026296],12.8679
[128629,1027243],[128629,1027243],12.8685
[306658,857059],[306658,857059],12.8686
[197233,950035],[197233,950035],12.8687
[195074,951507],[195074,951507],12.8689
[173546,968954],[173546,968954],12.869
[124595,1041719],[124595,1041719],12.8691
[120870,1042617],[120870,1042617],12.8692
[187903,957789],[187903,957789],12.8693
[120172,1046699],[120172,1046699],12.8694
[613370,785770],[613370,785770],12.8695
[289255,873155],[289255,873155],12.8696
[182654,961811],[182654,961811],12.8698
[181514,963082],[181514,963082],12.87
[284005,875867],[284005,875867],12.8703
[180979,963666],[180979,963666],12.8705
[280819,878954],[280819,878954],12.8706
[279604,879797],[279604,879797],12.8709
[173554,968618],[173554,968618],12.8711
[93395,1325338],[93395,1325338],12.8714
[92783,1325936],[92783,1325936],12.8716
[276039,884168],[276039,884168],12.8722
[92073,1326425],[92073,1326425],12.8724
[275811,884445],[275811,884445],12.8725
[274032,884498],[274032,884498],12.8726
[91666,1326909],[91666,1326909],12.8728
[91235,1327070],[91235,1327070],12.8729
[90895,1327191],[90895,1327191],12.873
[272817,885341],[272817,885341],12.8732
[108995,1240397],[108995,1240397],12.8733
[88541,1329421],[88541,1329421],12.8736
[177265,966035],[177265,966035],12.8737
[108911,1240933],[108911,1240933],12.8738
[87414,1329626],[87414,1329626],12.8739
[108690,1241587],[108690,1241587],12.8741
[87327,1330306],[87327,1330306],12.8742
[270436,887237],[270436,887237],12.8743
[415714,799067],[415714,799067],12.8745
[85711,1331805],[85711,1331805],12.8747
[83896,1332857],[83896,1332857],12.8748
[105977,1244177],[105977,1244177],12.875
[83829,1333220],[83829,1333220],12.8756
[104590,1244788],[104590,1244788],12.8757
[116913,1067107],[116913,1067107],12.8759
[116924,1067099],[116924,1067099],12.876
[82615,1334105],[82615,1334105],12.8761
[116835,1067509],[116835,1067509],12.8762
[104413,1245486],[104413,1245486],12.8763
[81104,1334772],[81104,1334772],12.8765
[102481,1247187],[102481,1247187],12.8768
[266520,891109],[266520,891109],12.8773
[164151,980403],[164151,980403],12.8774
[102402,1248102],[102402,1248102],12.8776
[102251,1248134],[102251,1248134],12.8777
[102164,1249054],[102164,1249054],12.8779
[102172,1249049],[102172,1249049],12.878
[378919,803189],[378919,803189],12.8782
[102131,1249669],[102131,1249669],12.8783
[162354,982453],[162354,982453],12.8784
[378689,804136],[378689,804136],12.8786
[69048,1341356],[69048,1341356],12.8787
[260034,896653],[260034,896653],12.879
[100267,1255438],[100267,1255438],12.8791
[100420,1255430],[100420,1255430],12.8792
[63998,1345245],[63998,1345245],12.8794
[100176,1255611],[100176,1255611],12.8798
[99366,1256304],[99366,1256304],12.88
[63768,1346192],[63768,1346192],12.8802
[257543,897736],[257543,897736],12.8804
[257105,898814],[257105,898814],12.8806
[97080,1258524],[97080,1258524],12.8807
[372010,809532],[372010,809532],12.8809
[155752,989609],[155752,989609],12.881
[371780,810479],[371780,810479],12.8811
[95794,1262017],[95794,1262017],12.8814
[95802,1262012],[95802,1262012],12.8814
[253919,901901],[253919,901901],12.8816
[369816,812643],[369816,812643],12.8817
[368061,814056],[368061,814056],12.882
[364523,815814],[364523,815814],12.8822
[363308,816657],[363308,816657],12.8824
[361813,817026],[361813,817026],12.8825
[63513,1362408],[63513,1362408],12.8826
[149478,999278],[149478,999278],12.8827
[360457,817749],[360457,817749],12.8828
[149323,1000561],[149323,1000561],12.8829
[145796,1003496],[145796,1003496],12.8831
[143867,1004021],[143867,1004021],12.8832
[95443,1278320],[95443,1278320],12.8833
[182646,962147],[182646,962147],12.8834
[143330,1005579],[143330,1005579],12.8835
[236365,916466],[236365,916466],12.8836
[136926,1009356],[136926,1009356],12.8837
[342189,830184],[342189,830184],12.8841
[341807,832824],[341807,832824],12.8842
[341343,833050],[341343,833050],12.8843
[339995,833295],[339995,833295],12.8844
[336777,835012],[336777,835012],12.8846
[334702,836466],[334702,836466],12.8847
[331475,840461],[331475,840461],12.8848
[211114,937417],[211114,937417],12.885
[209899,938260],[209899,938260],12.8851
[204173,942752],[204173,942752],12.8853
[314814,850881],[314814,850881],12.8855
[199929,948408],[199929,948408],12.8856
[312876,854019],[312876,854019],12.8857
[196223,950441],[196223,950441],12.8858
[310865,855405],[310865,855405],12.886
[194844,952454],[194844,952454],12.8862
[109419,1239348],[109419,1239348],12.8863
[73809,1337347],[73809,1337347],12.8864
[189052,956723],[189052,956723],12.8868
[188133,956842],[188133,956842],12.8869
[102116,1249835],[102116,1249835],12.8871
[179010,965158],[179010,965158],12.8873
[176928,966303],[176928,966303],12.8874
[119133,1063261],[119133,1063261],12.8876
[290388,872754],[290388,872754],12.8879
[287760,873619],[287760,873619],12.8881
[285220,875024],[285220,875024],12.8882
[283775,876814],[283775,876814],12.8883
[628310,781523],[628310,781523],12.8884
[115841,1074758],[115841,1074758],12.8885
[610964,788644],[610964,788644],12.8887
[265055,891125],[265055,891125],12.8888
[261336,894044],[261336,894044],12.8889
[258758,896893],[258758,896893],12.8892
[256875,899761],[256875,899761],12.8893
[200216,946954],[200216,946954],12.8894
[147241,1001706],[147241,1001706],12.8896
[146026,1002549],[146026,1002549],12.8897
[252734,902296],[252734,902296],12.8899
[249934,905096],[249934,905096],12.8901
[376522,807256],[376522,807256],12.8902
[88948,1328937],[88948,1328937],12.8902
[84236,1332736],[84236,1332736],12.8903
[109141,1239986],[109141,1239986],12.8905
[108544,1241998],[108544,1241998],12.8906
[207387,940672],[207387,940672],12.8907
[341959,831131],[341959,831131],12.8908
[124540,1041863],[124540,1041863],12.8909
[210769,938021],[210769,938021],12.891
[209554,938864],[209554,938864],12.8911
[207395,940336],[207395,940336],12.8912
[207165,941283],[207165,941283],12.8914
[99786,1255965],[99786,1255965],12.8915
[99348,1256380],[99348,1256380],12.8916
[63551,1361824],[63551,1361824],12.8917
[97890,1257831],[97890,1257831],12.8918
[63406,1362948],[63406,1362948],12.8919
[202958,943595],[202958,943595],12.892
[202728,944542],[202728,944542],12.8921
[197438,949598],[197438,949598],12.8923
[211106,937753],[211106,937753],12.8924
[194203,952900],[194203,952900],12.8925
[118985,1064044],[118985,1064044],12.8926
[118737,1065014],[118737,1065014],12.8928
[117100,1066292],[117100,1066292],12.8929
[116962,1067071],[116962,1067071],12.893
[311688,854871],[311688,854871],12.8931
[94594,1284603],[94594,1284603],12.8932
[116240,1072430],[116240,1072430],12.8933
[302709,861583],[302709,861583],12.8934
[216487,933865],[216487,933865],12.8935
[166383,974900],[166383,974900],12.8936
[166375,975236],[166375,975236],12.8937
[740884,761113],[740884,761113],12.8937
[158872,985964],[158872,985964],12.8938
[156713,987436],[156713,987436],12.894
[155982,988662],[155982,988662],12.8942
[153491,989852],[153491,989852],12.8944
[149772,992771],[149772,992771],12.8947
[648070,772888],[648070,772888],12.895
[647506,774929],[647506,774929],12.8951
[647678,774926],[647678,774926],12.8951
[271651,886394],[271651,886394],12.8952
[71857,1338962],[71857,1338962],12.8953
[68683,1341886],[68683,1341886],12.8955
[109769,1236866],[109769,1236866],12.8957
[109690,1237781],[109690,1237781],12.896
[109539,1237813],[109539,1237813],12.8961
[588731,789645],[588731,789645],12.8962
[251289,904086],[251289,904086],12.8963
[561220,792544],[561220,792544],12.8964
[136285,1020200],[136285,1020200],12.8966
[134840,1021990],[134840,1021990],12.8967
[98845,1256729],[98845,1256729],12.8968
[128598,1028350],[128598,1028350],12.8969
[115737,1089373],[115737,1089373],12.897
[95450,1275982],[95450,1275982],12.8971
[120571,1044371],[120571,1044371],12.8972
[371164,812398],[371164,812398],12.8973
[95202,1279720],[95202,1279720],12.8974
[95210,1279715],[95210,1279715],12.8974
[95045,1280536],[95045,1280536],12.8975
[95131,1280529],[95131,1280529],12.8975
[367659,815006],[367659,815006],12.8976
[367831,815003],[367831,815003],12.8976
[216495,933529],[216495,933529],12.8977
[94824,1283656],[94824,1283656],12.8979
[94627,1283988],[94627,1283988],12.898
[211935,936968],[211935,936968],12.8982
[117143,1066160],[117143,1066160],12.8983
[117154,1066152],[117154,1066152],12.8983
[119022,1063923],[119022,1063923],12.8984
[346701,827908],[346701,827908],12.8985
[344747,829315],[344747,829315],12.8986
[344919,829312],[344919,829312],12.8986
[116801,1068046],[116801,1068046],12.8987
[195993,951388],[195993,951388],12.8988
[328983,841486],[328983,841486],12.8989
[326445,842649],[326445,842649],12.899
[179764,964509],[179764,964509],12.8992
[321814,847526],[321814,847526],12.8993
[75358,1336210],[75358,1336210],12.8994
[75128,1337157],[75128,1337157],12.8996
[73544,1338948],[73544,1338948],12.8997
[306428,858006],[306428,858006],12.8998
[306050,859697],[306050,859697],12.8999
[301576,861984],[301576,861984],12.9
[300361,862827],[300361,862827],12.9002
[300131,863774],[300131,863774],12.9003
[110088,1236248],[110088,1236248],12.9004
[109760,1237603],[109760,1237603],12.9008
[109452,1238733],[109452,1238733],12.9009
[109460,1238728],[109460,1238728],12.9009
[296412,867351],[296412,867351],12.901
[294337,868230],[294337,868230],12.9011
[101090,1255139],[101090,1255139],12.9012
[100933,1255161],[100933,1255161],12.9013
[100750,1255260],[100750,1255260],12.9014
[647840,773835],[647840,773835],12.9015
[246978,907236],[246978,907236],12.9016
[245763,908079],[245763,908079],12.9017
[243867,909917],[243867,909917],12.9018
[241957,912764],[241957,912764],12.902
[240681,913004],[240681,913004],12.9021
[120640,1043564],[120640,1043564],12.9022
[236595,915519],[236595,915519],12.9023
[234436,916991],[234436,916991],12.9024
[234206,917938],[234206,917938],12.9026
[229999,920250],[229999,920250],12.9026
[576575,789892],[576575,789892],12.9028
[224917,925175],[224917,925175],12.9029
[223472,926965],[223472,926965],12.903
[480102,794600],[480102,794600],12.9031
[219937,930581],[219937,930581],12.9032
[218722,931424],[218722,931424],12.9034
[218492,932371],[218492,932371],12.9035
[117065,1066562],[117065,1066562],12.9036
[63733,1346846],[63733,1346846],12.9037
[198793,948588],[198793,948588],12.9038
[63645,1361587],[63645,1361587],12.9039
[63479,1362817],[63479,1362817],12.904
[113688,1232711],[113688,1232711],12.904
[186096,958863],[186096,958863],12.9042
[353898,822600],[353898,822600],12.9044
[111249,1235972],[111249,1235972],12.9045
[108783,1241304],[108783,1241304],12.9046
[108637,1241715],[108637,1241715],12.9047
[172593,970791],[172593,970791],12.9048
[340386,833160],[340386,833160],12.9049
[168879,973160],[168879,973160],12.905
[335892,835952],[335892,835952],12.9051
[332828,839536],[332828,839536],12.9052
[152046,991642],[152046,991642],12.9053
[152038,991978],[152038,991978],12.9054
[283622,878871],[283622,878871],12.9055
[95347,1278596],[95347,1278596],12.9056
[94857,1283041],[94857,1283041],12.9057
[94865,1283036],[94865,1283036],12.9057
[94563,1289548],[94563,1289548],12.9058
[299371,865093],[299371,865093],12.9059
[293484,869369],[293484,869369],12.906
[286545,874462],[286545,874462],12.9061
[135800,1020961],[135800,1020961],12.9062
[131133,1025167],[131133,1025167],12.9063
[277708,881635],[277708,881635],12.9064
[94087,1325110],[94087,1325110],12.9065
[90828,1327554],[90828,1327554],12.9066
[128577,1032767],[128577,1032767],12.9067
[128534,1033910],[128534,1033910],12.9068
[120835,1042887],[120835,1042887],12.9069
[120689,1043528],[120689,1043528],12.907
[249015,905215],[249015,905215],12.9071
[246437,908064],[246437,908064],12.9072
[244751,909341],[244751,909341],12.9073
[237810,914676],[237810,914676],12.9074
[116632,1069427],[116632,1069427],12.9075
[227495,922326],[227495,922326],12.9076
[226193,924935],[226193,924935],12.9077
[223702,926018],[223702,926018],12.9078
[111568,1235354],[111568,1235354],12.908
[223123,927494],[223123,927494],12.9081
[221198,928094],[221198,928094],12.9082
[622482,784279],[622482,784279],12.9083
[215641,934935],[215641,934935],12.9084
[213150,936125],[213150,936125],12.9085
[101901,1250616],[101901,1250616],12.9086
[97926,1257671],[97926,1257671],12.9087
[200454,945671],[200454,945671],12.9088
[197578,949431],[197578,949431],12.9089
[184881,959706],[184881,959706],12.909
[415484,800014],[415484,800014],12.9091
[183869,960968],[183869,960968],12.9092
[180634,964270],[180634,964270],12.9093
[173324,969565],[173324,969565],12.9094
[169117,971877],[169117,971877],12.9096
[160432,984517],[160432,984517],12.9097
[160087,985121],[160087,985121],12.9098
[159217,985360],[159217,985360],12.9099
[349098,823841],[349098,823841],12.91
[152276,990695],[152276,990695],12.9101
[92449,1326185],[92449,1326185],12.9103
[87379,1330280],[87379,1330280],12.9104
[338240,834708],[338240,834708],12.9104
[139200,1008227],[139200,1008227],12.9105
[136696,1010303],[136696,1010303],12.9106
[318629,849536],[318629,849536],12.9107
[135070,1021043],[135070,1021043],12.9108
[313369,852671],[313369,852671],12.9109
[306280,858750],[306280,858750],12.911
[124825,1040772],[124825,1040772],12.9111
[115103,1231431],[115103,1231431],12.9113
[112195,1234037],[112195,1234037],12.9115
[107157,1242609],[107157,1242609],12.9117
[268277,888709],[268277,888709],12.9118
[103110,1245682],[103110,1245682],12.912
[104279,1245679],[104279,1245679],12.9123
[263610,892915],[263610,892915],12.9124
[101231,1254733],[101231,1254733],12.9125
[96426,1260005],[96426,1260005],12.9126
[254809,900759],[254809,900759],12.9127
[251519,903139],[251519,903139],12.9128
[95493,1269007],[95493,1269007],12.9129
[95467,1269139],[95467,1269139],12.9129
[94972,1280667],[94972,1280667],12.913
[94902,1281472],[94902,1281472],12.9131
[229769,921197],[229769,921197],12.9132
[227265,923273],[227265,923273],12.9133
[214820,935384],[214820,935384],12.9134
[886308,752036],[886308,752036],12.9135
[188125,957178],[188125,957178],12.9136
[885702,752853],[885702,752853],12.9137
[206664,941562],[206664,941562],12.9138
[885472,753800],[885472,753800],12.9139
[884717,754459],[884717,754459],12.9139
[883902,754910],[883902,754910],12.914
[882521,755469],[882521,755469],12.9141
[861669,755911],[861669,755911],12.9142
[849513,756158],[849513,756158],12.9143
[848907,756975],[848907,756975],12.9144
[848677,757922],[848677,757922],12.9145
[847922,758581],[847922,758581],12.9145
[834158,758810],[834158,758810],12.9146
[198448,949192],[198448,949192],12.9147
[833552,759627],[833552,759627],12.9148
[86011,1330673],[86011,1330673],12.9149
[833322,760574],[833322,760574],12.915
[85976,1331327],[85976,1331327],12.9151
[753040,760866],[753040,760866],12.9152
[740654,762060],[740654,762060],12.9153
[739293,763536],[739293,763536],12.9154
[736904,763830],[736904,763830],12.9154
[73774,1338001],[73774,1338001],12.9155
[736674,764777],[736674,764777],12.9156
[716245,764988],[716245,764988],12.9157
[688652,765333],[688652,765333],12.9158
[688422,766280],[688422,766280],12.9159
[687061,767756],[687061,767756],12.916
[686831,768703],[686831,768703],12.9161
[684865,768766],[684865,768766],12.9161
[651627,770402],[651627,770402],12.9162
[650266,771878],[650266,771878],12.9163
[63669,1352406],[63669,1352406],12.9164
[650036,772825],[650036,772825],12.9165
[647830,774144],[647830,774144],12.9166
[645560,775223],[645560,775223],12.9167
[644949,775414],[644949,775414],12.9168
[644719,776361],[644719,776361],12.9169
[644492,777294],[644492,777294],12.917
[644425,777395],[644425,777395],12.9171
[644121,777412],[644121,777412],12.9172
[644043,777577],[644043,777577],12.9173
[643969,777646],[643969,777646],12.9174
[643358,777837],[643358,777837],12.9175
[642229,778405],[642229,778405],12.9176
[641773,778656],[641773,778656],12.9177
[641161,779231],[641161,779231],12.9178
[640922,780103],[640922,780103],12.9179
[635307,780405],[635307,780405],12.9179
[635077,781352],[635077,781352],12.918
[624372,781596],[624372,781596],12.9181
[624345,782445],[624345,782445],12.9182
[624142,782543],[624142,782543],12.9183
[622545,783410],[622545,783410],12.9184
[622509,783430],[622509,783430],12.9185
[622315,784357],[622315,784357],12.9186
[622279,784377],[622279,784377],12.9186
[620585,785029],[620585,785029],12.9187
[617356,785148],[617356,785148],12.9188
[612534,787534],[612534,787534],12.9189
[610358,789461],[610358,789461],12.919
[156705,987772],[156705,987772],12.9191
[575969,790709],[575969,790709],12.9192
[575739,791656],[575739,791656],12.9193
[560384,794308],[560384,794308],12.9193
[467946,794847],[467946,794847],12.9194
[149542,993718],[149542,993718],12.9195
[467716,795794],[467716,795794],12.9196
[463966,797564],[463966,797564],12.9197
[463736,798511],[463736,798511],12.9198
[443307,798722],[443307,798722],12.9199
[431151,798969],[431151,798969],12.92
[414786,802586],[414786,802586],12.9201
[413317,803134],[413317,803134],12.9202
[374970,807713],[374970,807713],12.9203
[374568,808663],[374568,808663],12.9204
[370207,812508],[370207,812508],12.9205
[365713,815300],[365713,815300],12.9205
[358804,818214],[358804,818214],12.9206
[358574,819161],[358574,819161],12.9207
[358300,819224],[358300,819224],12.9208
[357313,820034],[357313,820034],12.9209
[357083,820981],[357083,820981],12.921
[356809,821044],[356809,821044],12.9211
[114784,1232049],[114784,1232049],12.9212
[354128,821653],[354128,821653],12.9213
[113369,1233329],[113369,1233329],12.9214
[353624,822663],[353624,822663],12.9216
[111876,1234655],[111876,1234655],12.9217
[353394,823610],[353394,823610],12.9218
[348868,824788],[348868,824788],12.9219
[348855,827327],[348855,827327],12.922
[347831,827421],[347831,827421],12.9221
[345149,828365],[345149,828365],12.9222
[342801,829609],[342801,829609],12.9222
[101676,1254467],[101676,1254467],12.9223
[101336,1254588],[101336,1254588],12.9225
[101190,1254999],[101190,1254999],12.9226
[333257,838256],[333257,838256],12.9227
[328405,842234],[328405,842234],12.9228
[326215,843596],[326215,843596],12.9229
[326173,844789],[326173,844789],12.923
[326087,844957],[326087,844957],12.9231
[324520,845254],[324520,845254],12.9232
[323305,846097],[323305,846097],12.9233
[319536,848992],[319536,848992],12.9234
[318399,850483],[318399,850483],12.9234
[318125,850546],[318125,850546],12.9235
[317579,850589],[317579,850589],12.9236
[119043,1063675],[119043,1063675],12.9237
[118813,1064622],[118813,1064622],12.9238
[118755,1064991],[118755,1064991],12.9239
[95289,1278800],[95289,1278800],12.924
[95252,1278990],[95252,1278990],12.9241
[94841,1283555],[94841,1283555],12.9242
[310834,856117],[310834,856117],12.9243
[307873,856216],[307873,856216],12.9243
[94530,1290163],[94530,1290163],12.9244
[305391,860639],[305391,860639],12.9245
[303924,860740],[303924,860740],12.9246
[299983,864518],[299983,864518],12.9247
[299161,865535],[299161,865535],12.9248
[298770,865670],[298770,865670],12.9249
[297946,866378],[297946,866378],12.925
[297627,866508],[297627,866508],12.9251
[297555,866513],[297555,866513],12.9251
[295552,867387],[295552,867387],12.9252
[294107,869177],[294107,869177],12.9253
[292161,869689],[292161,869689],12.9254
[290946,870532],[290946,870532],12.9255
[290716,871479],[290716,871479],12.9256
[290669,872218],[290669,872218],12.9257
[290250,872836],[290250,872836],12.9258
[283647,878175],[283647,878175],12.9258
[279374,880744],[279374,880744],12.9259
[278923,880792],[278923,880792],12.926
[278592,881059],[278592,881059],12.9261
[277377,881902],[277377,881902],12.9262
[277147,882849],[277147,882849],12.9263
[277026,883602],[277026,883602],12.9264
[277013,883639],[277013,883639],12.9265
[92109,1326306],[92109,1326306],12.9266
[91733,1326546],[91733,1326546],12.9267
[275798,884482],[275798,884482],12.9268
[271996,885790],[271996,885790],12.9269
[270781,886633],[270781,886633],12.9269
[270206,888184],[270206,888184],12.927
[268047,889656],[268047,889656],12.9271
[267735,890266],[267735,890266],12.9272
[267283,890968],[267283,890968],12.9273
[263840,891968],[263840,891968],12.9274
[261106,894991],[261106,894991],12.9275
[63963,1345899],[63963,1345899],12.9276
[257313,898683],[257313,898683],12.9276
[252704,902744],[252704,902744],12.9277
[250164,904149],[250164,904149],12.9278
[245222,908907],[245222,908907],12.9279
[245082,909074],[245082,909074],12.928
[242718,910983],[242718,910983],12.9281
[242396,911455],[242396,911455],12.9283
[242166,912402],[242166,912402],12.9285
[239892,913531],[239892,913531],12.9287
[239466,913847],[239466,913847],12.9288
[238155,914072],[238155,914072],12.929
[236940,914915],[236940,914915],12.9291
[234042,918628],[234042,918628],12.9293
[233595,919299],[233595,919299],12.9294
[223115,927830],[223115,927830],12.9294
[220968,929041],[220968,929041],12.9295
[219929,930917],[219929,930917],12.9296
[218714,931760],[218714,931760],12.9297
[217710,932686],[217710,932686],12.9298
[217702,933022],[217702,933022],12.9299
[216265,934476],[216265,934476],12.93
[216257,934812],[216257,934812],12.9301
[215633,935271],[215633,935271],12.9301
[214812,935720],[214812,935720],12.9302
[214475,935988],[214475,935988],12.9303
[211927,937304],[211927,937304],12.9304
[209891,938596],[209891,938596],12.9305
[209546,939200],[209546,939200],12.9306
[209324,939811],[209324,939811],12.9307
[209316,940147],[209316,940147],12.9307
[206656,941898],[206656,941898],12.9308
[206434,942509],[206434,942509],12.9309
[206401,942595],[206401,942595],12.931
[204165,943088],[204165,943088],12.9311
[202950,943931],[202950,943931],12.9312
[202720,944878],[202720,944878],12.9313
[200446,946007],[200446,946007],12.9314
[200224,946618],[200224,946618],12.9314
[200172,948025],[200172,948025],12.9315
[198785,948924],[198785,948924],12.9316
[197430,949934],[197430,949934],12.9317
[197225,950371],[197225,950371],12.9318
[196215,950777],[196215,950777],12.9319
[195066,951843],[195066,951843],12.932
[194343,952733],[194343,952733],12.932
[194195,953236],[194195,953236],12.9321
[191844,954259],[191844,954259],12.9322
[191822,954371],[191822,954371],12.9323
[191820,954613],[191820,954613],12.9324
[190497,954933],[190497,954933],12.9325
[190489,955269],[190489,955269],12.9326
[190407,955713],[190407,955713],12.9326
[189274,956112],[189274,956112],12.9327
[187895,958125],[187895,958125],12.9328
[186088,959199],[186088,959199],12.9329
[184873,960042],[184873,960042],12.933
[184651,960653],[184651,960653],12.9331
[183861,961304],[183861,961304],12.9332
[182424,962758],[182424,962758],12.9333
[181506,963418],[181506,963418],12.9334
[180971,964002],[180971,964002],12.9334
[179756,964845],[179756,964845],12.9335
[179002,965494],[179002,965494],12.9336
[176050,966878],[176050,966878],12.9337
[175713,967146],[175713,967146],12.9338
[175705,967482],[175705,967482],12.9339
[175483,968093],[175483,968093],12.934
[175475,968429],[175475,968429],12.934
[172815,970180],[172815,970180],12.9341
[170332,971034],[170332,971034],12.9342
[170324,971370],[170324,971370],12.9343
[169109,972213],[169109,972213],12.9344
[168887,972824],[168887,972824],12.9345
[166605,974289],[166605,974289],12.9346
[166331,976307],[166331,976307],12.9347
[166303,978587],[166303,978587],12.9348
[166295,978923],[166295,978923],12.9348
[164373,979792],[164373,979792],12.9349
[164143,980739],[164143,980739],12.935
[162576,981842],[162576,981842],12.9351
[162346,982789],[162346,982789],12.9352
[162302,983860],[162302,983860],12.9353
[162169,983976],[162169,983976],12.9354
[162161,984312],[162161,984312],12.9355
[160424,984853],[160424,984853],12.9355
[159209,985696],[159209,985696],12.9356
[158864,986300],[158864,986300],12.9357
[158642,986911],[158642,986911],12.9358
[158634,987247],[158634,987247],12.9359
[156271,988462],[156271,988462],12.936
[111475,1235637],[111475,1235637],12.9361
[155974,988998],[155974,988998],12.9362
[153483,990188],[153483,990188],12.9362
[152268,991031],[152268,991031],12.9363
[149764,993107],[149764,993107],12.9364
[149534,994054],[149534,994054],12.9365
[149490,995125],[149490,995125],12.9366
[102242,1248871],[102242,1248871],12.9367
[143637,1004968],[143637,1004968],12.9368
[139430,1007280],[139430,1007280],12.9368
[96430,1259532],[96430,1259532],12.9369
[252702,902986],[252702,902986],12.9371
[136675,1014720],[136675,1014720],12.9371
[253917,902143],[253917,902143],12.9372
[136632,1015863],[136632,1015863],12.9373
[95165,1279910],[95165,1279910],12.9374
[95149,1280424],[95149,1280424],12.9375
[94573,1289020],[94573,1289020],12.9376
[128565,1032803],[128565,1032803],12.9377
[124819,1040880],[124819,1040880],12.9378
[124735,1041186],[124735,1041186],12.9379
[124589,1041827],[124589,1041827],12.9379
[124505,1042133],[124505,1042133],12.938
[120919,1042581],[120919,1042581],12.9381
[120605,1043834],[120605,1043834],12.9382
[120400,1046676],[120400,1046676],12.9383
[120170,1047623],[120170,1047623],12.9384
[120151,1051116],[120151,1051116],12.9385
[120149,1052040],[120149,1052040],12.9385
[120108,1052259],[120108,1052259],12.9386
[120106,1053183],[120106,1053183],12.9387
[91702,1326790],[91702,1326790],12.9388
[119127,1063369],[119127,1063369],12.9389
[119040,1063900],[119040,1063900],12.939
[119016,1064031],[119016,1064031],12.9391
[118967,1064067],[118967,1064067],12.9391
[118897,1064316],[118897,1064316],12.9392
[118848,1064352],[118848,1064352],12.9393
[118810,1064847],[118810,1064847],12.9394
[118792,1064870],[118792,1064870],12.9395
[118786,1064978],[118786,1064978],12.9396
[85789,1331413],[85789,1331413],12.9397
[118720,1065261],[118720,1065261],12.9398
[118702,1065284],[118702,1065284],12.9399
[118686,1065798],[118686,1065798],12.94
[117192,1066124],[117192,1066124],12.9401
[116870,1067239],[116870,1067239],12.9402
[76921,1335485],[76921,1335485],12.9403
[116402,1070374],[116402,1070374],12.9404
[73579,1338294],[73579,1338294],12.9405
[116364,1071479],[116364,1071479],12.9406
[116358,1071587],[116358,1071587],12.9407
[116274,1071893],[116274,1071893],12.9408
[116069,1074735],[116069,1074735],12.9408
[67269,1343440],[67269,1343440],12.9409
[115839,1075682],[115839,1075682],12.941
[115820,1079175],[115820,1079175],12.9412
[115818,1080099],[115818,1080099],12.9413
[115777,1080318],[115777,1080318],12.9414
[115775,1081242],[115775,1081242],12.9415
[115739,1088449],[115739,1088449],12.9415
[286543,874704],[286543,874704],12.9416
[287758,873861],[287758,873861],12.9417
[115099,1231904],[115099,1231904],12.9418
[113675,1233143],[113675,1233143],12.9419
[113356,1233761],[113356,1233761],12.942
[112191,1234510],[112191,1234510],12.9421
[111701,1235165],[111701,1235165],12.9421
[111382,1235783],[111382,1235783],12.9422
[110084,1236721],[110084,1236721],12.9423
[109530,1238550],[109530,1238550],12.9424
[109445,1239216],[109445,1239216],12.9425
[109436,1239247],[109436,1239247],12.9426
[108765,1241344],[108765,1241344],12.9427
[107073,1243145],[107073,1243145],12.9427
[102796,1247042],[102796,1247042],12.9428
[102472,1247924],[102472,1247924],12.9429
[102157,1249537],[102157,1249537],12.943
[102148,1249568],[102148,1249568],12.9431
[101927,1250484],[101927,1250484],12.9432
[99836,1255732],[99836,1255732],12.9433
[99026,1256425],[99026,1256425],12.9434
[98872,1256437],[98872,1256437],12.9435
[98062,1257130],[98062,1257130],12.9436
[96111,1260150],[96111,1260150],12.9436
[96102,1260887],[96102,1260887],12.9437
[95872,1261834],[95872,1261834],12.9438
[95787,1262500],[95787,1262500],12.9439
[95778,1262531],[95778,1262531],12.944
[95761,1262632],[95761,1262632],12.9441
[95746,1262798],[95746,1262798],12.9442
[95557,1263447],[95557,1263447],12.9443
[95510,1267996],[95510,1267996],12.9444
[95500,1268524],[95500,1268524],12.9444
[95463,1274156],[95463,1274156],12.945
[95158,1280393],[95158,1280393],12.9451
[94935,1280857],[94935,1280857],12.9451
[94928,1281340],[94928,1281340],12.9452
[94850,1283524],[94850,1283524],12.9453
[94809,1283822],[94809,1283822],12.9454
[94620,1284471],[94620,1284471],12.9455
[94556,1290031],[94556,1290031],12.9458
[94359,1324633],[94359,1324633],12.9466
[94205,1324645],[94205,1324645],12.9467
[93747,1325231],[93747,1325231],12.9468
[93287,1325540],[93287,1325540],12.9469
[92947,1325661],[92947,1325661],12.947
[91326,1327030],[91326,1327030],12.9471
[90488,1327675],[90488,1327675],12.9472
[90453,1328329],[90453,1328329],12.9472
[90396,1328446],[90396,1328446],12.9473
[90143,1328457],[90143,1328457],12.9474
[88963,1328489],[88963,1328489],12.9475
[88608,1329058],[88608,1329058],12.9476
[87560,1329536],[87560,1329536],12.9477
[87394,1329943],[87394,1329943],12.9479
[86987,1330427],[86987,1330427],12.9479
[85776,1331474],[85776,1331474],12.948
[84998,1331951],[84998,1331951],12.9481
[84386,1332460],[84386,1332460],12.9482
[83489,1333341],[83489,1333341],12.9483
[82653,1333635],[82653,1333635],12.9486
[82275,1334226],[82275,1334226],12.9487
[81250,1334682],[81250,1334682],12.9488
[80297,1334843],[80297,1334843],12.949
[76886,1336139],[76886,1336139],12.9492
[75323,1336864],[75323,1336864],12.9493
[71822,1339616],[71822,1339616],12.9494
[71627,1339909],[71627,1339909],12.9495
[70308,1340099],[70308,1340099],12.9496
[70273,1340753],[70273,1340753],12.9497
[70078,1341046],[70078,1341046],12.9498
[67499,1342493],[67499,1342493],12.9501
[67464,1343147],[67464,1343147],12.9502
[65547,1344108],[65547,1344108],12.9503
[65512,1344762],[65512,1344762],12.9504
[65317,1345055],[65317,1345055],12.9505
[63712,1351263],[63712,1351263],12.9506
[63704,1351752],[63704,1351752],12.9507
[63665,1357423],[63665,1357423],12.9508
[63652,1359249],[63652,1359249],12.9508
[63369,1363138],[63369,1363138],12.9509
[63249,1363764],[63249,1363764],12.951
[63176,1363895],[63176,1363895],12.9511
[63139,1364085],[63139,1364085],12.9512
[63104,1364739],[63104,1364739],12.9516
[63061,1366269],[63061,1366269],12.9517
[63026,1366923],[63026,1366923],12.9518
[62831,1367216],[62831,1367216],12.9519
[62796,1367870],[62796,1367870],12.952
[62775,1372287],[62775,1372287],12.9526
[62767,1372776],[62767,1372776],12.9526
[62732,1373430],[62732,1373430],12.9527
[105892,1244596],[105892,1244596],12.9553
[109459,1238732],[109459,1238732],12.976
[102171,1249053],[102171,1249053],12.9768
[95801,1262016],[95801,1262016],12.9776
[95209,1279719],[95209,1279719],12.9777
[95172,1279909],[95172,1279909],12.9778
[94864,1283040],[94864,1283040],12.978
