[62731,1373430],[62731,1373434],0.001463
[89757,1236827],[94562,1289552],0.163454
[97451,1171950],[105728,1259092],0.3169
[115736,1049990],[115774,1081246],0.376654
[129563,982058],[134839,1021994],0.396195
[148362,928771],[157191,994130],0.410555
[162755,900803],[175038,980028],0.418197
[178161,890670],[188481,965832],0.423436
[192469,877641],[204041,952526],0.429372
[210842,864972],[226580,937621],0.434354
[225346,851654],[240816,930646],0.436826
[243276,844978],[262798,916301],0.439155
[248164,832796],[269650,903109],0.440144
[282595,816761],[302086,876913],0.442471
[406369,795794],[419703,847031],0.444495
[540899,769455],[588103,843341],0.444781
[592901,766182],[640105,840068],0.444868
[665412,762060],[692641,813297],0.445
[62795,1355514],[62830,1367220],0.476244
[63213,1349258],[63248,1363768],0.48528
[63582,1345067],[63699,1356773],0.494027
[63623,1338817],[63810,1350523],0.495032
[63933,1333543],[63997,1345249],0.501351
[69950,1327374],[70077,1341050],0.562908
[77809,1324491],[77809,1338539],0.651755
[81110,1321881],[81488,1336146],0.711051
[85486,1319305],[86532,1332587],0.800795
[88071,1316107],[88956,1330672],0.857476
[90292,1313973],[91394,1328143],0.908649
[93472,1272511],[94626,1283992],0.96857
[93860,1265326],[94934,1280861],0.977057
[94090,1264379],[95164,1279914],0.98228
[94272,1262960],[95346,1278600],0.986749
[94338,1261318],[95489,1275964],0.990034
[94339,1258942],[95517,1274210],0.990338
[94376,1257305],[95537,1271664],0.991952
[94386,1254169],[95521,1269193],0.992477
[94402,1253382],[95581,1268650],0.992892
[94440,1248609],[95585,1263633],0.994078
[94670,1247662],[95815,1262686],1.00458
[95760,1246358],[96674,1260130],1.03797
[96951,1244105],[97656,1258736],1.06798
[98960,1242626],[100015,1257032],1.12723
[100322,1241222],[101203,1255456],1.17124
[101746,1236164],[102474,1248235],1.22299
[105067,1232567],[105704,1245594],1.31195
[107509,1230059],[108420,1243119],1.3483
[109121,1225082],[109762,1237914],1.37155
[111525,1222623],[112099,1234756],1.41404
[114416,1067127],[115817,1080103],1.4644
[114437,1062710],[115838,1075686],1.46461
[114667,1061763],[116068,1074739],1.46622
[115800,1059325],[116401,1070378],1.47276
[116291,1056745],[116986,1068971],1.47774
[118194,1055191],[118380,1067487],1.48575
[118424,1054244],[118610,1066540],1.48728
[118593,1052735],[118779,1065159],1.489
[118823,1051788],[119009,1064212],1.49085
[118835,1045825],[120105,1053187],1.49143
[118899,1036662],[120169,1047627],1.49198
[120083,1032253],[120720,1044540],1.50336
[120313,1031306],[120950,1043593],1.50641
[124470,1030148],[124505,1042133],1.52709
[124700,1029081],[124770,1040916],1.52967
[128413,1021980],[128534,1033910],1.54047
[128456,1020837],[128577,1032767],1.54066
[128477,1016420],[128598,1028350],1.54076
[128707,1015473],[128828,1027403],1.54197
[129591,1012788],[131133,1025167],1.54625
[129821,1011841],[131363,1024220],1.54765
[132445,1011246],[132566,1023119],1.55661
[133329,1010176],[134840,1021990],1.56075
[133559,1009229],[135070,1021043],1.56283
[136511,1004261],[136632,1015863],1.57319
[136554,1003020],[136675,1014720],1.57339
[136575,998603],[136696,1010303],1.57357
[136805,997656],[136926,1009356],1.57504
[137689,996089],[139200,1008227],1.57988
[137919,995142],[139430,1007280],1.58101
[143099,993855],[143637,1004968],1.59138
[144630,991260],[146141,1002892],1.59604
[144860,990001],[146371,1001945],1.59695
[149202,988856],[149323,1000561],1.61064
[149425,987849],[149478,999278],1.6119
[149468,986706],[149521,998135],1.61212
[149489,982289],[149542,993718],1.61223
[149719,981342],[149772,992771],1.61329
[150680,979081],[152276,990695],1.61727
[154902,977893],[156271,988462],1.6276
[157391,974957],[158987,986307],1.63339
[157621,974010],[159217,985360],1.63475
[161268,971459],[162354,982453],1.64306
[162729,969271],[164151,980403],1.64828
[164940,968191],[166362,979317],1.6542
[164961,963774],[166383,974900],1.65429
[165191,962827],[166613,973953],1.65523
[167465,961164],[168887,972824],1.65956
[167695,960217],[169117,971877],1.66028
[171508,958100],[173324,969565],1.66675
[171738,957153],[173554,968618],1.66774
[174291,956156],[176058,966542],1.67345
[177358,954196],[178780,966105],1.67817
[177588,953249],[179010,965158],1.67879
[179862,952526],[181284,964029],1.6849
[180768,951125],[182424,962758],1.68746
[180998,950178],[182654,961811],1.6881
[183391,949420],[184881,959706],1.69249
[186458,946881],[187903,957789],1.69889
[186688,945934],[188133,956842],1.69952
[187502,944155],[189282,955776],1.70354
[189215,943477],[190637,954766],1.70671
[191609,942356],[193037,953528],1.71178
[193028,940789],[194844,952454],1.71432
[193258,939842],[195074,951507],1.71534
[194443,939119],[196223,950441],1.71744
[197784,937621],[200104,949319],1.72527
[198802,937075],[200224,946618],1.72739
[201306,933397],[202728,944542],1.73207
[201536,932364],[202958,943595],1.73265
[204681,930646],[207165,941283],1.73643
[207902,928821],[209669,939207],1.74072
[209506,926274],[211935,936968],1.74499
[214113,924769],[216597,935719],1.75355
[214609,923891],[216265,934476],1.75535
[216501,921963],[218646,932580],1.75822
[216731,921016],[218876,931633],1.75875
[218669,919358],[221286,929573],1.76228
[221113,917408],[222893,928441],1.76533
[221343,916301],[223123,927494],1.76588
[224172,915354],[225663,926089],1.76986
[225450,914444],[228044,924618],1.77117
[228054,912720],[229834,923106],1.77552
[230377,911275],[232829,921867],1.77831
[230796,910248],[233225,920804],1.77912
[231026,909301],[233455,919857],1.77974
[233900,907789],[236673,918140],1.78319
[236406,905879],[239198,916265],1.78668
[238021,904803],[240166,915469],1.78887
[238251,903856],[240396,914522],1.78928
[238557,902893],[241451,913472],1.79019
[239901,901403],[242806,912462],1.79275
[243117,900090],[245546,909633],1.79735
[245569,898098],[246991,907843],1.80065
[247445,896618],[249747,907127],1.803
[249865,895863],[251791,906602],1.80514
[250095,894916],[252021,905655],1.80552
[250572,893808],[252717,903351],1.80658
[252280,891915],[254897,902238],1.80818
[252510,890968],[255127,901291],1.80851
[256806,889727],[259927,900050],1.81138
[257036,888780],[260157,899103],1.81197
[259536,886737],[261838,896903],1.81452
[259766,885790],[262068,895956],1.81561
[262240,884399],[265319,893821],1.81841
[265704,882650],[268434,892172],1.82319
[267785,879901],[270661,890067],1.82492
[268015,878954],[270891,889120],1.82519
[272168,876025],[275062,886137],1.82727
[272398,875078],[275292,885190],1.82761
[276294,873837],[278817,883889],1.83008
[276524,872890],[279047,882942],1.83036
[278441,871844],[281307,881811],1.83158
[279781,870316],[283218,879959],1.83234
[283253,868986],[286651,879098],1.83423
[283530,868235],[286609,877657],1.83471
[285120,866497],[287986,876415],1.83729
[285350,865550],[288216,875468],1.83776
[287701,864638],[290658,874416],1.83906
[289717,863481],[293154,873385],1.84046
[290471,862530],[293766,871853],1.84118
[292945,860740],[295211,870063],1.84264
[294205,858477],[297567,868073],1.84355
[295851,856913],[298930,866486],1.84431
[299656,855247],[301922,865675],1.84563
[299886,854300],[302152,864728],1.84581
[300607,853821],[304190,863351],1.84658
[302792,850773],[305871,861151],1.84809
[303022,849826],[306101,860204],1.84831
[307548,848693],[311131,858016],1.85007
[310188,846579],[313331,855902],1.85175
[312224,845254],[315807,854577],1.85261
[314136,842582],[317502,852919],1.85358
[314366,841635],[317732,851972],1.85385
[318406,840068],[320581,850215],1.85486
[321849,839121],[324115,848859],1.85625
[322279,837413],[325759,846736],1.85679
[325902,835465],[328981,844887],1.85792
[327035,834278],[331019,843601],1.859
[329188,831131],[333246,840454],1.85984
[333714,829953],[337772,839276],1.86114
[333940,828517],[336206,838635],1.86144
[334170,827570],[336436,837688],1.86177
[337403,827324],[341461,836647],1.86313
[338291,824002],[340155,834111],1.8639
[338521,823055],[340385,833164],1.86413
[342817,822600],[345185,831923],1.86593
[346002,819161],[349861,828484],1.86668
[346232,818214],[350091,827537],1.86686
[349241,816570],[353100,826349],1.86796
[352330,815015],[355810,825137],1.86855
[356852,813297],[360873,822913],1.86911
[357082,812350],[361103,821966],1.86928
[361203,810479],[363067,819802],1.86976
[361433,809532],[363297,818855],1.86993
[363761,808660],[366027,817983],1.87037
[363991,807713],[366257,817036],1.87051
[368112,804136],[369976,813459],1.87103
[368342,803189],[370206,812512],1.8712
[403979,800014],[406771,809337],1.87239
[404209,799067],[407001,808390],1.87253
[452461,797564],[455253,806887],1.87341
[456211,795794],[459003,805117],1.87348
[456441,794847],[459233,804170],1.87349
[546455,793491],[552277,802814],1.87474
[546685,792544],[552507,801867],1.87475
[562738,790839],[567632,800162],1.87489
[562968,789892],[567862,799215],1.8749
[598572,788480],[604856,797904],1.87555
[598605,786717],[604427,796040],1.87556
[598835,785770],[604657,795093],1.87557
[602359,785047],[608643,794471],1.87568
[611609,782470],[615429,791866],1.87595
[611839,781523],[615659,790919],1.87597
[623139,780405],[626594,789728],1.8762
[626817,779352],[633286,788675],1.87629
[627047,778405],[633516,787728],1.87632
[630122,775919],[637073,785242],1.8764
[630352,774972],[637303,784295],1.87643
[633909,774021],[639867,783344],1.8772
[634139,773074],[640097,782397],1.87728
[637969,770402],[642914,779725],1.87742
[638199,769455],[643144,778778],1.87745
[670279,768766],[676152,778089],1.87764
[673836,766280],[679709,775603],1.87771
[674066,765333],[679939,774656],1.87775
[702587,764988],[707532,774311],1.87783
[722318,763830],[728191,773153],1.87785
[726068,762060],[731941,771383],1.87786
[726298,761113],[732171,770436],1.87787
[738454,760866],[744327,770189],1.87788
[815555,759757],[825215,769080],1.87794
[815785,758810],[825445,768133],1.87794
[830941,757105],[840570,766428],1.87795
[831171,756158],[840800,765481],1.87795
[843327,755911],[852956,765234],1.87796
[865529,754910],[875189,764233],1.87797
[867705,752983],[877365,762306],1.87797
[867935,752036],[877595,761359],1.87797
[880091,751789],[889751,761112],1.87797
[63025,1364414],[63061,1366269],2.09587
[63103,1362040],[63176,1363895],2.10028
[63333,1361093],[63406,1362948],2.10981
[63477,1359935],[63551,1361824],2.11763
[63639,1349690],[63704,1351752],2.13268
[63666,1349354],[63763,1351213],2.13401
[63682,1348547],[63747,1350609],2.13478
[63703,1344130],[63768,1346192],2.13598
[63933,1343183],[63998,1345245],2.14837
[65511,1342365],[65547,1344108],2.19331
[67233,1341420],[67269,1343440],2.22981
[67463,1340473],[67499,1342493],2.23626
[68647,1339841],[68683,1341886],2.27268
[69012,1339345],[69048,1341356],2.28758
[70042,1338994],[70078,1341046],2.32297
[70272,1338047],[70308,1340099],2.33187
[71591,1337852],[71627,1339909],2.36998
[71821,1336905],[71857,1338962],2.37719
[73543,1336282],[73579,1338294],2.41965
[73773,1335335],[73809,1337347],2.42809
[75322,1334345],[75358,1336210],2.4735
[78698,1333708],[78734,1335568],2.55704
[81214,1332777],[81249,1334686],2.62567
[82579,1332267],[82614,1334109],2.67517
[83544,1331882],[83665,1333808],2.72378
[83587,1331620],[83622,1333538],2.72628
[83774,1330935],[83895,1332861],2.73796
[84350,1330536],[84385,1332464],2.77032
[85675,1329926],[85776,1331474],2.83383
[85975,1329033],[86010,1330677],2.85155
[87294,1328143],[87397,1330105],2.91571
[87524,1327915],[87559,1329540],2.92718
[88893,1327317],[88929,1329342],2.98084
[89426,1327253],[89555,1328836],3.01094
[90040,1326534],[90143,1328457],3.04629
[90452,1325906],[90488,1327675],3.07269
[90792,1325333],[90895,1327191],3.09233
[91985,1324679],[92109,1326306],3.15515
[92720,1324158],[92782,1325940],3.19601
[93684,1323453],[93746,1325235],3.24816
[94428,1287598],[94563,1289551],3.29598
[94471,1286455],[94606,1288408],3.29874
[94492,1282038],[94627,1283991],3.29978
[94722,1281091],[94857,1283044],3.31076
[94800,1278901],[94935,1280860],3.31756
[94910,1278600],[95045,1280539],3.32546
[95030,1277954],[95165,1279913],3.33331
[95140,1277653],[95275,1279592],3.34492
[95174,1277434],[95309,1279183],3.34873
[95212,1276889],[95347,1278599],3.35182
[95335,1273578],[95483,1275370],3.36936
[95355,1266978],[95499,1268528],3.37302
[95398,1265688],[95542,1267385],3.37752
[95419,1261271],[95563,1262968],3.37973
[95649,1260130],[95793,1262021],3.40024
[95994,1259549],[96078,1261310],3.42894
[96264,1259015],[96351,1260798],3.44684
[96410,1257904],[96509,1259596],3.45863
[96640,1256957],[96739,1258649],3.47464
[97043,1256250],[97142,1258076],3.50225
[97763,1256006],[97889,1257835],3.545
[97826,1255456],[97952,1257383],3.54857
[98745,1254514],[98871,1256441],3.59434
[99686,1254151],[99785,1255969],3.63845
[100049,1253920],[100175,1255615],3.65797
[100650,1253572],[100749,1255264],3.6883
[101685,1252947],[101784,1254647],3.74882
[101791,1248235],[101933,1250005],3.75622
[102021,1247288],[102163,1249058],3.76978
[102364,1246512],[102448,1248347],3.79538
[102634,1246008],[102721,1247835],3.81209
[102780,1244775],[102879,1246633],3.82203
[103010,1243828],[103109,1245686],3.83573
[104353,1243166],[104496,1245075],3.89105
[104623,1242750],[104722,1244603],3.9035
[105833,1242323],[105976,1244181],3.95008
[106899,1241737],[106926,1243560],3.98353
[107129,1240790],[107156,1242613],3.99203
[108516,1240562],[108636,1241719],4.04181
[108764,1239608],[108764,1241348],4.05471
[108994,1238661],[108994,1240401],4.06564
[109418,1236967],[109452,1238733],4.08796
[109652,1236356],[109736,1238026],4.10072
[109922,1235665],[110009,1237514],4.11458
[110349,1235017],[110448,1236784],4.13721
[111535,1234753],[111622,1236431],4.18467
[111692,1234145],[111843,1235815],4.19151
[112029,1233430],[112116,1235303],4.20939
[113172,1232878],[113336,1234489],4.25786
[113509,1232150],[113579,1233862],4.27363
[114667,1231729],[114751,1233209],4.32423
[114937,1231127],[115024,1232697],4.33713
[116175,1071302],[116239,1072434],4.37928
[116359,1068971],[116402,1070374],4.3857
[116589,1068090],[116632,1069427],4.39123
[116710,1066063],[116834,1067513],4.39528
[116878,1065758],[116925,1067095],4.40154
[116940,1065116],[117064,1066566],4.403
[117059,1064811],[117155,1066148],4.40592
[118593,1064208],[118701,1065288],4.42408
[118717,1063561],[118791,1064874],4.42705
[118823,1063160],[118931,1064341],4.42879
[118947,1062614],[119021,1063927],4.4308
[120172,1045298],[120172,1046699],4.4475
[120320,1044351],[120402,1045752],4.45109
[120411,1043424],[120570,1044375],4.45423
[120641,1042133],[120800,1043428],4.46059
[120919,1040880],[120925,1042473],4.46772
[124588,1040295],[124588,1041831],4.50225
[124700,1039980],[124769,1040920],4.50397
[128597,1026274],[128629,1027243],4.52823
[128827,1025167],[128859,1026296],4.53032
[131132,1023685],[131132,1025171],4.54366
[131362,1023119],[131362,1024224],4.5454
[132321,1022580],[132335,1024070],4.55416
[132551,1021633],[132565,1023123],4.55701
[134844,1020704],[134844,1022158],4.57328
[135069,1019757],[135069,1021047],4.57632
[136284,1019342],[136285,1020200],4.58763
[136925,1008061],[136925,1009360],4.5989
[140644,1004968],[140645,1006437],4.62692
[143329,1004021],[143329,1005583],4.6421
[143866,1002892],[143866,1004025],4.6494
[145795,1001945],[145795,1003500],4.66402
[146025,1001147],[146025,1002553],4.66691
[149092,1000007],[149093,1001508],4.69093
[151993,990207],[152046,991642],4.71958
[152223,989260],[152275,990699],4.7229
[153425,988462],[153490,989856],4.73346
[155699,988175],[155752,989609],4.75159
[155929,987228],[155982,988662],4.75447
[156430,986913],[156482,988387],4.75967
[156660,985966],[156712,987440],4.76219
[158589,985473],[158642,986911],4.77636
[158819,984526],[158872,985964],4.77851
[159164,983862],[159216,985364],4.78266
[160366,983064],[160431,984521],4.79273
[162525,980024],[162584,981506],4.80665
[164098,979205],[164150,980407],4.81822
[164328,978258],[164381,979456],4.82079
[166243,973833],[166382,974904],4.83539
[166473,972824],[166612,973957],4.83809
[168747,971459],[168886,972828],4.85018
[168977,970512],[169116,971881],4.85199
[170192,969565],[170331,971038],4.86207
[172770,968618],[172822,969848],4.87641
[173414,967551],[173553,968622],4.88237
[175343,967026],[175483,968093],4.89164
[175573,966079],[175713,967146],4.89355
[175918,965158],[176057,966546],4.89717
[177133,964420],[177272,965703],4.90655
[178870,964029],[179009,965162],4.9157
[179711,963082],[179763,964513],4.9226
[180581,962827],[180633,964274],4.92959
[180926,962297],[180978,963670],4.93364
[181374,961811],[181513,963086],4.9386
[182284,961550],[182423,962762],4.94495
[182514,960603],[182653,961815],4.94678
[183729,959507],[183868,960972],4.95316
[184468,959296],[184651,960653],4.95856
[184698,958349],[184880,959710],4.96136
[185956,957694],[186095,958867],4.97083
[187740,956722],[187902,957793],4.97903
[187970,955775],[188132,956846],4.98125
[188912,955318],[189052,956723],4.98723
[189142,954371],[189281,955780],4.98876
[190357,953528],[190496,954937],4.9954
[191613,952454],[191851,953927],5.00364
[192895,952200],[193036,953532],5.01124
[194150,951507],[194202,952904],5.01982
[194704,950992],[194843,952458],5.02398
[194934,950045],[195073,951511],5.02549
[196083,949157],[196222,950445],5.03113
[197093,948631],[197233,950035],5.03674
[197298,948257],[197438,949598],5.03866
[198653,947521],[198792,948592],5.04616
[199836,947110],[199928,948412],5.05188
[200314,944275],[200454,945671],5.05552
[202588,943174],[202727,944546],5.06644
[202818,942227],[202957,943599],5.06839
[204033,941453],[204172,942756],5.07657
[206381,941076],[206433,942513],5.08427
[206611,940129],[206663,941566],5.08581
[207255,939164],[207394,940340],5.0902
[209184,938744],[209324,939811],5.09821
[209414,937621],[209554,938864],5.09958
[209759,936954],[209898,938264],5.10219
[210974,936125],[211113,937421],5.10794
[212624,935719],[212919,937076],5.11694
[212854,934935],[213149,936129],5.11817
[214767,933964],[214819,935388],5.12797
[215588,933529],[215640,934939],5.13267
[216125,933115],[216264,934480],5.13539
[216355,932168],[216494,933533],5.13683
[217570,931380],[217709,932690],5.14172
[218309,931167],[218491,932375],5.14433
[218539,930220],[218721,931428],5.14538
[219795,929358],[219936,930585],5.1518
[220967,927753],[220967,929045],5.15638
[221197,926806],[221197,928098],5.15778
[222983,926089],[223122,927498],5.16344
[223458,925565],[223471,926969],5.16593
[223688,924618],[223701,926022],5.16785
[224916,923853],[224916,925179],5.17277
[227177,921867],[227264,923277],5.17981
[227407,921068],[227494,922330],5.18098
[229768,919857],[229768,921201],5.18729
[229924,919044],[229998,920254],5.18803
[231213,918139],[231213,919411],5.19222
[234118,916680],[234205,917942],5.19959
[234348,915733],[234435,916995],5.20057
[236364,914522],[236709,915866],5.20441
[236594,914036],[236939,914919],5.20536
[238154,913082],[238154,914076],5.20953
[239804,912273],[239891,913535],5.21362
[240473,912067],[240680,913008],5.21615
[242165,911292],[242165,912406],5.22192
[242395,910345],[242395,911459],5.22341
[242717,909633],[242717,910987],5.22546
[243535,908686],[243866,909921],5.22932
[245208,907727],[245221,908911],5.23365
[245762,906903],[245762,908083],5.23634
[246695,906602],[246990,907847],5.24051
[248697,904854],[248784,906166],5.245
[248927,903907],[249014,905219],5.24579
[249805,902893],[250163,904153],5.24911
[251518,901809],[251518,903143],5.25274
[252634,901163],[252733,902300],5.25623
[253916,900702],[253918,901905],5.25955
[254808,899569],[254808,900763],5.26287
[255038,898621],[255038,899816],5.26371
[256746,897845],[257104,898818],5.26864
[257529,896556],[257542,897740],5.27143
[258757,895664],[258757,896897],5.27465
[261018,893700],[261105,894995],5.27897
[261248,892753],[261335,894048],5.27975
[263609,891805],[263609,892919],5.28375
[263839,890858],[263839,891972],5.28436
[265054,889970],[265054,891129],5.28698
[267959,888398],[268046,889660],5.29109
[268189,887451],[268276,888713],5.2917
[270205,886701],[270550,887584],5.29502
[270435,885754],[270780,886637],5.2956
[271995,884606],[271995,885794],5.29835
[274314,883669],[274521,884726],5.30379
[275465,883169],[275810,884449],5.30619
[277012,882418],[277025,883606],5.30906
[277146,881645],[277477,882586],5.30961
[277376,880698],[277707,881639],5.31031
[279373,879482],[279373,880748],5.31293
[279603,878535],[279603,879801],5.31347
[280818,877657],[280818,878958],5.31568
[283416,875468],[283774,876818],5.31834
[283646,874898],[284004,875871],5.31894
[286245,874227],[286314,875413],5.32172
[286475,873280],[286544,874466],5.32224
[287757,872498],[287759,873623],5.32435
[290357,870510],[290715,871483],5.32757
[290587,869563],[290945,870536],5.32825
[293352,869082],[293710,870244],5.33231
[293483,868073],[293483,869373],5.33263
[294336,867271],[294336,868234],5.33425
[296411,866378],[296411,867355],5.33717
[297626,865535],[297626,866512],5.33884
[299142,864214],[299370,865097],5.3407
[299698,862602],[300130,863778],5.3418
[299928,861655],[300360,862831],5.34241
[302478,861404],[302478,862534],5.3449
[302708,860457],[302708,861587],5.34534
[303923,859447],[303923,860744],5.34701
[305736,858614],[306049,859701],5.34959
[305966,857667],[306279,858754],5.35001
[306427,856824],[306427,858010],5.35079
[306657,855877],[306657,857063],5.3513
[309649,854963],[309649,856252],5.35334
[310864,854112],[310864,855409],5.35456
[311687,853689],[311687,854875],5.35589
[312875,852905],[312875,854023],5.35729
[313368,851756],[313368,852675],5.35804
[313598,850809],[313598,851728],5.35936
[316363,850215],[316363,851436],5.36117
[317905,849300],[318124,850550],5.36244
[318628,848454],[318628,849540],5.36352
[319177,847952],[319535,848996],5.36451
[321105,847266],[321165,848484],5.36603
[321813,846387],[321813,847530],5.36732
[322043,845440],[322043,846583],5.36801
[323304,844886],[323304,846101],5.36959
[324957,844717],[324957,845636],5.37108
[325344,844181],[325344,845420],5.37186
[325856,842887],[326214,843600],5.37267
[326086,841940],[326444,842653],5.37311
[328752,841149],[328752,842437],5.37445
[328982,840202],[328982,841490],5.37476
[331116,839276],[331474,840465],5.37613
[332827,838329],[332827,839540],5.37734
[333196,837413],[333256,838260],5.37781
[333426,836466],[333486,837313],5.37821
[335454,835718],[335661,836903],5.37923
[335684,834771],[335891,835956],5.37948
[338219,834107],[338621,835084],5.38094
[338449,833160],[338851,834137],5.38133
[340714,832692],[340921,833768],5.38269
[341342,831923],[341342,833054],5.38416
[341958,830139],[341958,831135],5.38487
[342188,829192],[342188,830188],5.38519
[344918,828103],[344918,829316],5.38619
[345148,827537],[345148,828369],5.38643
[348867,824788],[348867,824792],5.38819
[353043,822913],[353547,824096],5.3901
[353393,822532],[353393,823614],5.39044
[353623,821520],[353623,822667],5.39075
[355907,821288],[356265,822001],5.39159
[356808,819802],[356808,821048],5.39226
[358069,819161],[358069,820175],5.39322
[358299,817983],[358299,819228],5.39349
[359952,817749],[359952,818763],5.39428
[361308,817026],[361308,818040],5.39501
[363017,816761],[363077,817608],5.39557
[363247,815814],[363307,816661],5.39576
[365505,815006],[365712,815304],5.39654
[368040,813455],[368442,814432],5.39743
[368270,812350],[368672,813485],5.39776
[371163,811604],[371163,812402],5.39865
[371779,809278],[371779,810483],5.39904
[372009,808331],[372009,809536],5.39925
[374739,807631],[374739,808664],5.40049
[374969,806684],[374969,807717],5.40067
[378688,804136],[378688,804140],5.40127
[411764,802586],[411764,803595],5.40297
[415483,798851],[415483,800018],5.40334
[443306,797758],[443306,798726],5.40413
[467715,795037],[467715,795798],5.40457
[483002,794433],[483002,795600],5.40488
[495158,794186],[495158,795353],5.40502
[560365,792278],[560989,793495],5.4063
[560595,791331],[561219,792548],5.40632
[575720,789667],[576344,790843],5.40649
[575950,788675],[576574,789896],5.4065
[588106,788473],[588730,789649],5.40682
[610109,788378],[610733,789595],5.40734
[610339,787431],[610963,788648],5.40735
[612515,785504],[613139,786721],5.40739
[612745,784557],[613369,785774],5.4074
[617220,784024],[617355,785152],5.40765
[620465,783838],[620584,785033],5.40782
[622415,782397],[622508,783434],5.40795
[624022,781352],[624141,782547],5.40806
[624252,780405],[624371,781600],5.4081
[640474,779309],[640930,780182],5.40841
[640704,778089],[641160,779235],5.40845
[643114,777352],[643356,778225],5.40855
[643812,775603],[644717,776749],5.40863
[644042,774656],[644947,775802],5.40866
[647599,773897],[647677,774930],5.40875
[647829,772950],[647907,773983],5.40882
[648069,771878],[648069,772892],5.40885
[651626,770189],[651626,770406],5.40896
[684634,768703],[684634,769717],5.40921
[684864,767756],[684864,768770],5.40924
[688421,765180],[688421,766284],5.40932
[716244,764233],[716244,764992],5.40942
[736903,763536],[736903,763834],5.40944
[740653,761112],[740653,762064],5.40945
[753039,760866],[753039,760870],5.40947
[833533,758810],[834157,758814],5.40952
[848658,757105],[849282,757109],5.40953
[861044,755911],[861668,755915],5.40953
[881752,754459],[882520,755473],5.40954
[885453,752983],[886077,752987],5.40955
[897839,751789],[898463,751793],5.40955
[62766,1372776],[62766,1372780],6.04796
[62774,1372287],[62774,1372291],6.04814
[62795,1367870],[62795,1367874],6.0486
[63025,1366923],[63025,1366927],6.05613
[63060,1366269],[63060,1366273],6.06113
[63103,1364739],[63103,1364743],6.06444
[63138,1363895],[63138,1364089],6.0676
[63368,1362948],[63368,1363142],6.09059
[63478,1362817],[63478,1362821],6.10719
[63512,1362354],[63513,1362408],6.11435
[63550,1361824],[63550,1361828],6.11885
[63638,1361371],[63644,1361591],6.14402
[63651,1359249],[63651,1359253],6.14652
[63660,1357423],[63664,1357427],6.15241
[63668,1352406],[63668,1352410],6.15436
[63693,1351752],[63703,1351756],6.15795
[63701,1351213],[63711,1351267],6.1592
[63722,1346846],[63732,1346850],6.16237
[63767,1346192],[63767,1346196],6.16805
[63952,1345899],[63962,1345903],6.19228
[65314,1344882],[65317,1345055],6.29952
[65511,1344611],[65512,1344762],6.31381
[67463,1342912],[67463,1343151],6.41683
[70272,1340506],[70272,1340757],6.6263
[70307,1339909],[70307,1340103],6.62884
[71626,1339653],[71626,1339913],6.72896
[71821,1339363],[71821,1339620],6.74861
[73543,1338700],[73543,1338952],6.86432
[73773,1337753],[73773,1338005],6.88474
[75127,1336925],[75128,1337157],6.98142
[75322,1336625],[75322,1336868],6.99703
[76885,1335912],[76885,1336143],7.09948
[76920,1335269],[76921,1335485],7.10184
[80296,1334651],[80297,1334843],7.2633
[81250,1334451],[81250,1334682],7.32677
[82274,1333982],[82275,1334226],7.39988
[82615,1333895],[82615,1334105],7.43706
[82652,1333434],[82652,1333639],7.4405
[83488,1333140],[83489,1333341],7.52624
[83829,1333071],[83829,1333220],7.5714
[84235,1332489],[84236,1332736],7.62122
[84997,1331748],[84998,1331951],7.70046
[85711,1331585],[85711,1331805],7.76744
[86986,1330200],[86986,1330431],7.87893
[87378,1329740],[87393,1329947],7.92051
[87413,1329486],[87413,1329630],7.92317
[88540,1329192],[88540,1329425],8.04099
[88607,1328820],[88607,1329062],8.04857
[88947,1328336],[88962,1328493],8.08389
[90396,1328225],[90396,1328446],8.2129
[90452,1328139],[90452,1328333],8.21901
[90827,1327317],[90827,1327558],8.26668
[91234,1326870],[91234,1327074],8.31819
[91665,1326663],[91665,1326913],8.37445
[91701,1326534],[91702,1326790],8.37839
[91732,1326306],[91732,1326550],8.38364
[92072,1326182],[92072,1326429],8.44098
[92108,1326110],[92108,1326310],8.44743
[92448,1325940],[92448,1326189],8.50501
[92539,1325906],[92539,1326149],8.5237
[92783,1325785],[92783,1325936],8.56164
[92946,1325501],[92946,1325665],8.58065
[93286,1325333],[93286,1325544],8.62343
[93394,1325114],[93395,1325338],8.63432
[94087,1324975],[94087,1325110],8.71352
[94204,1324488],[94205,1324645],8.72722
[94529,1289965],[94529,1290167],8.77923
[94572,1288822],[94572,1289024],8.78904
[94593,1284405],[94593,1284607],8.79172
[94808,1283614],[94808,1283826],8.83609
[94823,1283458],[94823,1283660],8.84086
[94836,1283315],[94840,1283559],8.84447
[94854,1282836],[94864,1283043],8.85313
[94901,1281340],[94901,1281476],8.86832
[94971,1280444],[94972,1280667],8.88515
[95045,1280313],[95045,1280536],8.90218
[95144,1280284],[95148,1280428],8.93297
[95199,1279592],[95209,1279722],8.94927
[95241,1278920],[95251,1278997],8.96252
[95278,1278599],[95288,1278807],8.97127
[95347,1278373],[95347,1278596],8.99094
[95427,1278146],[95442,1278324],9.02366
[95442,1276443],[95456,1276579],9.03173
[95449,1268938],[95466,1269143],9.03661
[95492,1267795],[95509,1268000],9.04633
[95513,1263378],[95530,1263583],9.05448
[95553,1262741],[95564,1262964],9.06305
[95743,1262431],[95760,1262636],9.11117
[95773,1262296],[95777,1262535],9.11803
[95783,1261794],[95794,1262017],9.12013
[95870,1260917],[95880,1261104],9.14244
[96100,1259970],[96110,1260157],9.1873
[96413,1259324],[96429,1259539],9.24107
[97080,1258288],[97080,1258524],9.33449
[97483,1257718],[97483,1257951],9.38439
[97890,1257603],[97890,1257831],9.44098
[98061,1256897],[98062,1257130],9.46249
[98844,1256494],[98845,1256729],9.55557
[99347,1256079],[99366,1256304],9.61843
[99456,1255908],[99457,1256131],9.63079
[99786,1255740],[99786,1255965],9.67619
[99835,1255615],[99836,1255732],9.68205
[100176,1255448],[100176,1255611],9.73337
[100266,1255264],[100267,1255438],9.74456
[100750,1255055],[100750,1255260],9.80614
[100932,1254978],[100932,1255165],9.83502
[101189,1254856],[101190,1254999],9.88278
[101230,1254514],[101231,1254733],9.89095
[101335,1254369],[101335,1254592],9.90749
[101675,1254273],[101675,1254471],9.95877
[101900,1250484],[101900,1250620],10.0019
[102115,1249658],[102115,1249839],10.0472
[102130,1249537],[102130,1249673],10.0499
[102143,1249394],[102147,1249572],10.0523
[102161,1248922],[102171,1249053],10.0557
[102240,1247936],[102250,1248138],10.0748
[102470,1246989],[102480,1247191],10.1188
[102783,1246354],[102799,1246573],10.1774
[104396,1245266],[104412,1245490],10.3703
[104589,1244598],[104589,1244792],10.3956
[104723,1244482],[104723,1244599],10.4132
[106110,1243762],[106110,1243988],10.5593
[106202,1243465],[106203,1243705],10.5717
[106927,1243337],[106927,1243556],10.6452
[107072,1242931],[107072,1243149],10.6621
[107302,1241984],[107302,1242202],10.6863
[108544,1241776],[108544,1241998],10.8183
[108689,1241400],[108689,1241591],10.8389
[108782,1241092],[108782,1241308],10.8554
[108910,1240746],[108910,1240937],10.8744
[109140,1239799],[109140,1239990],10.9066
[109221,1239506],[109222,1239680],10.9198
[109403,1239289],[109403,1239518],10.9515
[109418,1239216],[109418,1239352],10.9534
[109528,1237743],[109538,1237817],10.9722
[109758,1236784],[109768,1236870],11.0047
[110071,1236073],[110087,1236252],11.0512
[111238,1235769],[111248,1235976],11.1519
[111371,1235580],[111381,1235787],11.1874
[111458,1235520],[111474,1235641],11.2027
[111551,1235133],[111567,1235358],11.2177
[111684,1234990],[111700,1235169],11.2492
[111865,1234489],[111875,1234659],11.2796
[112185,1233862],[112194,1234041],11.3378
[113345,1233616],[113355,1233765],11.4598
[113358,1233184],[113368,1233333],11.4619
[113665,1232697],[113687,1232715],11.4925
[114773,1231904],[114783,1232053],11.5626
[115093,1231212],[115102,1231435],11.5885
[115736,1089216],[115736,1089377],11.631
[115738,1088446],[115738,1088453],11.6315
[115758,1080318],[115777,1080318],11.6342
[115801,1079175],[115819,1079179],11.6368
[115822,1074739],[115840,1074762],11.6377
[116054,1073811],[116070,1073815],11.647
[116257,1071893],[116273,1071897],11.667
[116292,1071589],[116308,1071627],11.6701
[116341,1071298],[116363,1071483],11.6802
[116436,1070115],[116445,1070242],11.6952
[116666,1069168],[116675,1069295],11.7153
[116791,1068046],[116800,1068050],11.7297
[116865,1067095],[116870,1067239],11.7396
[116904,1066980],[116913,1067107],11.7456
[116953,1066836],[116968,1066963],11.7505
[117095,1066148],[117100,1066292],11.7631
[117134,1066033],[117143,1066160],11.7663
[117183,1065889],[117198,1066016],11.7696
[118657,1065798],[118667,1065825],11.8138
[118691,1065152],[118702,1065284],11.8166
[118726,1064874],[118736,1065018],11.8188
[118812,1064614],[118813,1064622],11.8299
[118847,1064201],[118848,1064352],11.8322
[118956,1063900],[118966,1064071],11.8407
[119042,1063667],[119043,1063675],11.8462
[119077,1063253],[119078,1063405],11.8477
[120105,1052263],[120107,1052263],11.8816
[120171,1046699],[120171,1046703],11.8846
[120401,1045752],[120401,1045756],11.8936
[120604,1043834],[120604,1043838],11.9084
[120639,1043420],[120639,1043568],11.9105
[120834,1042887],[120834,1042891],11.9222
[120869,1042473],[120869,1042621],11.9243
[124504,1042133],[124504,1042137],11.9997
[124539,1041719],[124540,1041863],12.0032
[124589,1041603],[124594,1041723],12.0056
[124734,1041186],[124734,1041190],12.0113
[124818,1040656],[124825,1040772],12.0145
[128533,1033910],[128533,1033914],12.0768
[128564,1032767],[128565,1032803],12.0774
[128597,1028350],[128597,1028354],12.0787
[128628,1027243],[128628,1027247],12.0793
[128858,1026296],[128858,1026300],12.0848
[136284,1020200],[136284,1020204],12.2174
[136631,1015863],[136631,1015867],12.2263
[139199,1008227],[139199,1008231],12.2811
[139429,1007284],[139429,1007284],12.2872
[143636,1004968],[143636,1004972],12.3459
[146370,1001945],[146370,1001949],12.3971
[147240,1001669],[147240,1001710],12.413
[147585,1001102],[147585,1001106],12.4236
[149322,1000561],[149322,1000565],12.4516
[149444,999486],[149470,999614],12.4584
[149477,999278],[149477,999282],12.4593
[149480,995125],[149489,995129],12.4594
[149508,993926],[149534,994054],12.4602
[149541,993718],[149541,993722],12.4611
[149738,992979],[149764,993107],12.4719
[149771,992775],[149771,992775],12.473
[152012,991850],[152038,991978],12.5145
[152045,991642],[152045,991646],12.5163
[152242,990903],[152268,991031],12.5226
[153457,990001],[153483,990188],12.5464
[155737,989609],[155751,989613],12.579
[155967,988662],[155981,988666],12.5862
[156270,988305],[156270,988466],12.5933
[156679,987623],[156705,987772],12.6072
[158608,987061],[158634,987247],12.641
[158641,986911],[158641,986915],12.6414
[158838,986114],[158864,986300],12.6454
[158871,985964],[158871,985968],12.646
[159183,985548],[159209,985696],12.6539
[160086,984952],[160086,985125],12.6737
[160398,984699],[160424,984853],12.6821
[162135,984156],[162161,984312],12.7075
[162168,983980],[162168,983980],12.7083
[162301,983753],[162301,983864],12.7128
[162339,982453],[162353,982457],12.7136
[162569,981506],[162583,981510],12.7193
[164366,979456],[164380,979460],12.7486
[166288,978506],[166302,978591],12.7829
[166330,976307],[166330,976311],12.7845
[172578,970740],[172592,970795],12.852
[173323,969565],[173323,969569],12.8622
[175460,968093],[175482,968097],12.8815
[175690,967146],[175712,967150],12.885
[176905,966303],[176927,966307],12.903
[180619,964114],[180634,964270],12.947
[184650,960653],[184650,960657],12.9985
[190474,954770],[190497,954933],13.0589
[191799,954371],[191821,954375],13.0735
[192973,953736],[192987,953747],13.0864
[194188,952737],[194203,952900],13.0982
[197210,950035],[197232,950039],13.1237
[197578,949278],[197578,949431],13.1274
[198425,949157],[198447,949196],13.135
[198770,948409],[198793,948588],13.1394
[199914,948257],[199929,948408],13.1499
[200171,947901],[200171,948029],13.1564
[200431,945671],[200453,945675],13.1603
[204150,942575],[204173,942752],13.1925
[206419,942400],[206434,942509],13.2052
[206649,941453],[206664,941562],13.2072
[207164,941283],[207164,941287],13.2117
[209301,939811],[209323,939815],13.2296
[209531,938864],[209553,938868],13.2326
[210746,937860],[210768,938025],13.2446
[211091,937260],[211114,937417],13.2487
[211920,936972],[211934,936972],13.2567
[213135,935992],[213150,936125],13.2646
[214805,935223],[214820,935384],13.2758
[218469,932199],[218492,932371],13.3006
[226192,924766],[226193,924935],13.3444
[233595,919156],[233595,919299],13.3769
[234041,918500],[234042,918628],13.3807
[236364,916466],[236365,916466],13.391
[236594,915519],[236595,915519],13.3924
[237809,914518],[237810,914676],13.4004
[239465,913762],[239466,913847],13.4089
[241956,912625],[241957,912764],13.4224
[243535,910184],[243536,910184],13.4358
[244750,909341],[244751,909341],13.4445
[245081,908911],[245082,909074],13.4476
[245761,907994],[245763,908079],13.4534
[246977,907081],[246978,907236],13.46
[249934,904970],[249934,905096],13.4746
[251378,903143],[251379,903306],13.4821
[251519,903068],[251519,903139],13.4831
[253916,901809],[253919,901901],13.4956
[256875,899635],[256875,899761],13.5062
[260033,896556],[260034,896653],13.5197
[267734,890256],[267735,890266],13.5435
[270205,888184],[270206,888184],13.5514
[270435,887237],[270436,887237],13.5524
[271650,886318],[271651,886394],13.5588
[272816,885190],[272817,885341],13.564
[274031,884347],[274032,884498],13.568
[276038,884029],[276039,884168],13.5741
[276992,883449],[277026,883602],13.5781
[277146,882683],[277147,882849],13.579
[277376,881736],[277377,881902],13.5801
[278591,880934],[278592,881059],13.5863
[278922,880634],[278923,880792],13.5879
[283646,878175],[283647,878175],13.5989
[285219,874898],[285220,875024],13.6038
[286542,874392],[286545,874462],13.6078
[287757,873488],[287760,873619],13.6111
[289254,873155],[289255,873155],13.6144
[290249,872710],[290250,872836],13.6171
[292160,869563],[292161,869689],13.624
[294106,869181],[294106,869181],13.6285
[295551,867350],[295552,867387],13.6322
[297554,866382],[297555,866513],13.6354
[297946,866268],[297946,866378],13.6369
[298769,865539],[298770,865670],13.6398
[299161,865425],[299161,865535],13.6416
[299982,864518],[299983,864518],13.645
[301575,861828],[301576,861984],13.6525
[305391,860523],[305391,860639],13.6614
[305475,860161],[305475,860287],13.6617
[307872,856179],[307873,856216],13.6694
[310833,855278],[310865,855405],13.6723
[314813,850809],[314814,850881],13.6807
[317578,850550],[317579,850589],13.6833
[318125,850410],[318125,850546],13.6847
[318399,850358],[318399,850483],13.6854
[319843,848598],[319844,848693],13.6886
[320147,848348],[320148,848417],13.6896
[324519,845144],[324520,845254],13.6975
[326086,844884],[326087,844957],13.7012
[328404,842112],[328405,842234],13.7063
[329293,840760],[329294,840892],13.7085
[334701,836466],[334702,836466],13.7147
[336776,835012],[336777,835012],13.7172
[338239,834639],[338240,834708],13.7185
[339994,833295],[339995,833295],13.7209
[340386,833050],[340386,833160],13.7218
[341806,832692],[341807,832824],13.7233
[342800,829584],[342801,829609],13.7255
[344746,829273],[344747,829315],13.7269
[346700,827908],[346700,827912],13.7298
[347830,827264],[347831,827421],13.7309
[349097,823841],[349098,823841],13.7325
[353394,823451],[353394,823610],13.7343
[353624,822504],[353624,822663],13.7346
[353897,822465],[353898,822600],13.735
[354127,821518],[354128,821653],13.7354
[357312,820034],[357313,820034],13.7374
[358803,818214],[358804,818214],13.7391
[360456,817608],[360457,817749],13.7401
[361812,816951],[361813,817026],13.741
[364522,815814],[364523,815814],13.7427
[367658,815006],[367659,815006],13.7444
[368060,813987],[368061,814056],13.745
[369815,812512],[369816,812643],13.7466
[370207,812398],[370207,812508],13.7471
[372621,808957],[372622,808957],13.7495
[374567,808658],[374568,808663],13.7503
[376521,807256],[376521,807260],13.7516
[378918,803189],[378919,803189],13.7524
[414785,802586],[414786,802586],13.7552
[415713,798977],[415714,799067],13.7557
[463735,798515],[463735,798515],13.7572
[463965,797474],[463966,797564],13.7572
[467945,794757],[467946,794847],13.7574
[480101,794510],[480102,794600],13.7578
[560365,794218],[560384,794308],13.7598
[560595,793271],[560614,793361],13.7599
[561201,792454],[561220,792544],13.7599
[575720,791656],[575738,791660],13.7601
[575950,790709],[575968,790713],13.7602
[588712,789595],[588731,789645],13.7613
[610339,789371],[610358,789461],13.7619
[610945,788554],[610964,788644],13.7619
[612515,787444],[612534,787534],13.7619
[612745,786497],[612764,786587],13.7619
[613351,785680],[613370,785770],13.7621
[617280,785033],[617356,785148],13.7623
[620491,784956],[620585,785029],13.7626
[622185,784295],[622278,784381],13.7627
[635076,781273],[635077,781352],13.7633
[635306,780326],[635307,780405],13.7633
[640921,779869],[640999,779942],13.7635
[641772,778511],[641773,778656],13.7637
[642228,778362],[642229,778405],13.7638
[643357,777837],[643358,777837],13.7639
[643968,777646],[643969,777646],13.7641
[644042,777294],[644121,777412],13.7641
[644718,776361],[644719,776361],13.7643
[644948,775414],[644949,775414],13.7644
[645559,775223],[645560,775223],13.7645
[646015,774929],[646016,774972],13.7646
[650265,771878],[650266,771878],13.765
[651856,769455],[651857,769455],13.7651
[687060,767756],[687061,767756],13.7654
[688651,765234],[688652,765333],13.7655
[736673,764781],[736673,764781],13.7657
[739292,763536],[739293,763536],13.7657
[740883,761058],[740884,761113],13.7657
[833303,760574],[833321,760578],13.7658
[833533,759627],[833551,759631],13.7659
[834139,758676],[834158,758810],13.7659
[847921,758581],[847922,758581],13.7659
[848658,757922],[848676,757926],13.7659
[848888,756975],[848906,756979],13.7659
[849494,756158],[849512,756162],13.7659
[883883,754817],[883901,754914],13.7659
[884716,754459],[884717,754459],13.7659
[885453,753800],[885471,753804],13.7659
[885683,752853],[885701,752857],13.7659
[886289,752036],[886307,752040],13.7659
[63175,1363895],[63175,1363899],14.4064
[63405,1362948],[63405,1362952],14.4318
[63512,1362408],[63512,1362412],14.4517
[65316,1345055],[65316,1345059],14.7004
[65511,1344762],[65511,1344766],14.7169
[65546,1344112],[65546,1344112],14.7192
[67268,1343444],[67268,1343444],14.8578
[67498,1342497],[67498,1342497],14.8791
[68682,1341890],[68682,1341890],15.0078
[69047,1341360],[69047,1341360],15.056
[70273,1340722],[70273,1340753],15.2968
[71856,1338966],[71856,1338966],15.5661
[73544,1338922],[73544,1338948],15.7673
[73578,1338298],[73578,1338298],15.771
[73808,1337351],[73808,1337351],15.8056
[75127,1337157],[75127,1337161],15.953
[75357,1336214],[75357,1336214],15.9792
[76920,1335485],[76920,1335489],16.1487
[80296,1334843],[80296,1334847],16.4987
[81103,1334747],[81103,1334776],16.5893
[82274,1334226],[82274,1334230],16.7274
[83488,1333341],[83488,1333345],16.8684
[83828,1333220],[83828,1333224],16.9134
[84235,1332736],[84235,1332740],16.964
[84997,1331948],[84997,1331955],17.0708
[85775,1331478],[85775,1331478],17.1779
[85788,1331411],[85788,1331417],17.1799
[85975,1331298],[85976,1331327],17.2052
[87326,1330276],[87327,1330306],17.3967
[88947,1328916],[88948,1328937],17.6099
[90487,1327679],[90487,1327679],17.8025
[90894,1327195],[90894,1327195],17.8685
[91325,1327030],[91325,1327034],17.9368
[91701,1326790],[91701,1326794],17.9997
[93394,1325333],[93394,1325342],18.3095
[94086,1325110],[94086,1325114],18.4169
[94204,1324645],[94204,1324649],18.4412
[94530,1290133],[94530,1290163],18.5218
[94555,1290008],[94555,1290035],18.529
[94573,1288990],[94573,1289020],18.5318
[94594,1284573],[94594,1284603],18.5352
[94619,1284448],[94619,1284475],18.5383
[94824,1283626],[94824,1283656],18.5853
[94849,1283501],[94849,1283528],18.5932
[94856,1283041],[94856,1283045],18.5945
[94902,1281442],[94902,1281472],18.6128
[94927,1281340],[94927,1281344],18.6187
[94971,1280667],[94971,1280671],18.6288
[95044,1280536],[95044,1280540],18.6571
[95131,1280495],[95132,1280525],18.6955
[95157,1280393],[95157,1280397],18.707
[95201,1279720],[95201,1279724],18.7239
[95251,1278988],[95251,1278994],18.7434
[95288,1278800],[95288,1278804],18.7555
[95449,1275980],[95449,1275986],18.827
[95462,1274160],[95462,1274160],18.8375
[95492,1269007],[95492,1269011],18.8534
[95556,1263447],[95556,1263451],18.8733
[95745,1262802],[95745,1262802],18.9398
[95746,1262771],[95746,1262798],18.9402
[95786,1262500],[95786,1262504],18.9523
[95870,1261826],[95871,1261838],18.9864
[95880,1261077],[95880,1261101],18.9892
[96031,1261065],[96031,1261069],19.0414
[96100,1260879],[96101,1260891],19.0622
[96110,1260150],[96110,1260154],19.0681
[96425,1260005],[96425,1260009],19.2186
[96429,1259523],[96430,1259532],19.2194
[97925,1257665],[97925,1257675],19.4779
[98061,1257130],[98061,1257134],19.5037
[98537,1257066],[98537,1257077],19.5867
[99347,1256380],[99347,1256384],19.738
[99456,1256131],[99456,1256135],19.7561
[99835,1255732],[99835,1255736],19.8272
[101189,1254999],[101189,1255003],20.0615
[101230,1254733],[101230,1254737],20.0685
[101926,1250484],[101926,1250488],20.1997
[102156,1249537],[102156,1249541],20.2683
[102240,1248863],[102241,1248875],20.3096
[102401,1248087],[102402,1248102],20.3652
[102470,1247916],[102471,1247928],20.3887
[102795,1247042],[102795,1247046],20.4837
[104413,1245459],[104413,1245486],20.6932
[106202,1243705],[106202,1243709],20.941
[109221,1239680],[109221,1239684],21.3084
[109435,1239251],[109435,1239251],21.3451
[109436,1239219],[109436,1239247],21.3453
[109444,1239216],[109444,1239220],21.3466
[109451,1238733],[109451,1238737],21.3476
[109460,1238705],[109460,1238728],21.3487
[109528,1238527],[109529,1238554],21.3645
[109689,1237758],[109690,1237781],21.3903
[109758,1237580],[109759,1237607],21.4011
[110083,1236721],[110083,1236725],21.4493
[112190,1234489],[112190,1234514],21.6848
[113356,1233731],[113356,1233761],21.792
[113674,1233143],[113674,1233147],21.8287
[115098,1231904],[115098,1231908],21.9599
[115774,1080322],[115776,1080322],22.0289
[116357,1071587],[116357,1071591],22.0997
[116444,1070242],[116444,1070246],22.1215
[116631,1069431],[116631,1069431],22.1471
[116674,1069295],[116674,1069299],22.1534
[116869,1067239],[116869,1067243],22.1937
[116961,1067071],[116961,1067075],22.2119
[116967,1066963],[116967,1066967],22.2129
[117099,1066292],[117099,1066296],22.2326
[117191,1066124],[117191,1066128],22.2438
[117197,1066016],[117197,1066020],22.2449
[118668,1065798],[118668,1065821],22.3234
[118719,1065261],[118719,1065265],22.3305
[118754,1064978],[118754,1064995],22.3387
[118792,1064847],[118792,1064870],22.3438
[118812,1064622],[118812,1064626],22.3458
[118847,1064352],[118847,1064356],22.3539
[118896,1064309],[118897,1064316],22.3584
[118902,1064212],[118902,1064212],22.3591
[118984,1064031],[118984,1064048],22.3693
[119022,1063900],[119022,1063923],22.3733
[119042,1063675],[119042,1063679],22.375
[119077,1063405],[119077,1063409],22.3786
[119126,1063362],[119127,1063369],22.3824
[119132,1063261],[119132,1063265],22.3837
[120148,1051120],[120150,1051120],22.4396
[120688,1043528],[120688,1043532],22.4737
[120694,1043420],[120694,1043424],22.4744
[120918,1042581],[120918,1042585],22.4949
[120924,1042473],[120924,1042477],22.4955
[124539,1041863],[124539,1041867],22.6559
[124818,1040880],[124818,1040884],22.6753
[124824,1040772],[124824,1040776],22.6757
[128564,1032807],[128564,1032807],22.7593
[128576,1032767],[128576,1032771],22.7614
[131102,1026274],[131102,1026274],22.8384
[135799,1020961],[135799,1020965],22.956
[136674,1014720],[136674,1014724],22.9729
[136695,1010303],[136695,1010307],22.974
[140644,1006441],[140644,1006441],23.063
[149468,999546],[149468,999546],23.2739
[149533,994054],[149533,994058],23.2765
[149763,993107],[149763,993111],23.2888
[152037,991978],[152037,991982],23.3431
[152267,991031],[152267,991035],23.3505
[153482,990188],[153482,990192],23.3756
[155973,988998],[155973,989002],23.4205
[159208,985696],[159208,985700],23.4911
[160423,984853],[160423,984857],23.5211
[162345,982789],[162345,982793],23.554
[162575,981842],[162575,981846],23.5715
[164142,980739],[164142,980743],23.6488
[164372,979792],[164372,979796],23.668
[165087,979430],[165087,979434],23.6962
[166294,978923],[166294,978927],23.7215
[166374,975236],[166374,975240],23.7247
[166604,974289],[166604,974293],23.734
[168878,973160],[168878,973164],23.7882
[169108,972213],[169108,972217],23.8002
[170323,971370],[170323,971374],23.8368
[172814,970180],[172814,970184],23.8754
[173545,968954],[173545,968958],23.8914
[175474,968429],[175474,968433],23.9116
[175704,967482],[175704,967486],23.9158
[176049,966878],[176049,966882],23.9231
[177264,966035],[177264,966039],23.9461
[179001,965494],[179001,965498],23.9664
[179418,965113],[179418,965117],23.9738
[179755,964845],[179755,964849],23.9822
[180970,964002],[180970,964006],24.0073
[181505,963418],[181505,963422],24.0217
[182645,962147],[182645,962151],24.0426
[183860,961304],[183860,961308],24.0659
[184872,960042],[184872,960046],24.0839
[186087,959199],[186087,959203],24.1058
[187894,958125],[187894,958129],24.1344
[188124,957178],[188124,957182],24.1426
[189051,956723],[189051,956727],24.1595
[189273,956112],[189273,956116],24.1623
[190406,955713],[190406,955717],24.1759
[190488,955269],[190488,955273],24.1772
[190636,954766],[190636,954770],24.1794
[191811,954707],[191814,954707],24.1982
[191843,954259],[191843,954263],24.199
[194194,953236],[194194,953240],24.2334
[194342,952733],[194342,952737],24.2369
[195065,951843],[195065,951847],24.2552
[195992,951388],[195992,951392],24.2702
[196214,950777],[196214,950781],24.2751
[197224,950371],[197224,950375],24.2952
[197429,949934],[197429,949938],24.3034
[197437,949602],[197437,949602],24.3036
[197577,949431],[197577,949435],24.3075
[198784,948924],[198784,948928],24.3316
[200215,946954],[200215,946958],24.3589
[200223,946622],[200223,946622],24.3591
[200445,946007],[200445,946011],24.3653
[202719,944878],[202719,944882],24.4078
[202949,943931],[202949,943935],24.4149
[204164,943088],[204164,943092],24.4402
[206400,942587],[206400,942599],24.4616
[206655,941898],[206655,941902],24.4651
[207386,940672],[207386,940676],24.4763
[209315,940147],[209315,940151],24.4932
[209545,939200],[209545,939204],24.4964
[209890,938596],[209890,938600],24.5023
[211105,937753],[211105,937757],24.5175
[211926,937304],[211926,937308],24.5279
[213141,936461],[213141,936465],24.5374
[214474,935988],[214474,935992],24.546
[214811,935720],[214811,935724],24.5504
[215632,935271],[215632,935275],24.5578
[216256,934812],[216256,934816],24.5622
[216486,933865],[216486,933869],24.5642
[217701,933022],[217701,933026],24.5726
[218713,931760],[218714,931760],24.5806
[219928,930917],[219928,930921],24.5907
[223114,927830],[223114,927834],24.6113
[251288,904086],[251289,904086],24.8187
[252701,902744],[252703,902748],24.8267
[257312,898683],[257313,898683],24.8487
[267282,890968],[267283,890968],24.8937
[277012,883639],[277013,883639],24.9286
[283621,878871],[283622,878871],24.9491
[290387,872754],[290388,872754],24.9695
[290668,872218],[290669,872218],24.9709
[310833,856117],[310834,856117],25.0181
[326172,844789],[326173,844789],25.0544
[330479,840780],[330480,840780],25.0651
[348854,827327],[348855,827327],25.095
[357082,820981],[357083,820981],25.1052
[358573,819161],[358574,819161],25.1078
[413316,803134],[413317,803134],25.1287
[431150,798969],[431151,798969],25.1313
[560375,794308],[560383,794312],25.1372
[560605,793361],[560613,793365],25.1372
[610349,789461],[610357,789465],25.14
[612525,787534],[612533,787538],25.1403
[612755,786587],[612763,786591],25.1403
[622314,784357],[622315,784357],25.1419
[622481,784279],[622482,784279],25.142
[622544,783410],[622545,783410],25.1421
[624114,783379],[624115,783392],25.1423
[624344,782432],[624345,782445],25.1424
[628309,781523],[628310,781523],25.1427
[640921,780103],[640922,780103],25.1433
[644042,777577],[644043,777577],25.1442
[644491,777294],[644492,777294],25.1444
[647505,774929],[647506,774929],25.1451
[647829,774144],[647830,774144],25.1453
[647839,773835],[647840,773835],25.1453
[650035,772825],[650036,772825],25.1457
[686830,768703],[686831,768703],25.1466
[704088,765234],[704089,765235],25.1469
[67233,1344094],[67233,1344098],25.9268
[83021,1333621],[83021,1333625],27.3475
[85710,1331809],[85710,1331809],27.6089
[85789,1331411],[85789,1331413],27.6192
[85975,1331327],[85975,1331331],27.6405
[87326,1330306],[87326,1330310],27.7555
[87378,1330284],[87378,1330284],27.7604
[87379,1330278],[87379,1330280],27.7606
[88947,1328937],[88947,1328941],27.9654
[90142,1328457],[90142,1328461],28.06
[90395,1328446],[90395,1328450],28.0856
[93285,1325587],[93285,1325591],28.7279
[94358,1324633],[94358,1324637],28.9014
[94556,1290028],[94556,1290031],28.9217
[94563,1289548],[94563,1289548],28.9224
[94620,1284468],[94620,1284471],28.9279
[94627,1283988],[94627,1283988],28.9285
[94809,1283822],[94809,1283822],28.9449
[94841,1283555],[94841,1283555],28.95
[94850,1283521],[94850,1283524],28.951
[94857,1283041],[94857,1283041],28.9519
[94865,1283036],[94865,1283036],28.9553
[94928,1281340],[94928,1281340],28.9646
[94935,1280857],[94935,1280857],28.9655
[95131,1280529],[95131,1280529],29.0255
[95149,1280424],[95149,1280424],29.0345
[95158,1280393],[95158,1280393],29.0386
[95165,1279910],[95165,1279910],29.0418
[95173,1279905],[95173,1279905],29.0443
[95202,1279720],[95202,1279720],29.0609
[95210,1279715],[95210,1279715],29.0646
[95252,1278988],[95252,1278990],29.0916
[95289,1278800],[95289,1278800],29.1134
[95443,1278320],[95443,1278320],29.1862
[95450,1275982],[95450,1275982],29.1893
[95463,1274156],[95463,1274156],29.1968
[95467,1269139],[95467,1269139],29.1978
[95493,1269007],[95493,1269007],29.2136
[95500,1268524],[95500,1268524],29.2166
[95510,1267996],[95510,1267996],29.2213
[95531,1263579],[95531,1263579],29.2283
[95557,1263447],[95557,1263447],29.2366
[95761,1262632],[95761,1262632],29.297
[95778,1262531],[95778,1262531],29.303
[95787,1262500],[95787,1262500],29.3063
[95802,1262012],[95802,1262012],29.3116
[95872,1261834],[95872,1261834],29.338
[95881,1261097],[95881,1261097],29.3403
[96032,1261065],[96032,1261065],29.3753
[96102,1260887],[96102,1260887],29.3907
[96111,1260150],[96111,1260150],29.3922
[96426,1260005],[96426,1260005],29.4514
[96429,1259536],[96429,1259536],29.4519
[96740,1258645],[96740,1258645],29.4966
[97079,1258528],[97079,1258528],29.5359
[97143,1258072],[97143,1258072],29.5428
[97482,1257955],[97482,1257955],29.5841
[97926,1257671],[97926,1257671],29.6362
[97953,1257379],[97953,1257379],29.6388
[98538,1257073],[98538,1257073],29.752
[98844,1256733],[98844,1256733],29.8374
[98872,1256437],[98872,1256437],29.8428
[99025,1256429],[99025,1256429],29.8876
[99026,1256425],[99026,1256425],29.8881
[99348,1256380],[99348,1256380],29.9438
[99365,1256308],[99365,1256308],29.9458
[100266,1255442],[100266,1255442],30.0539
[100420,1255430],[100420,1255430],30.0746
[100421,1255426],[100421,1255426],30.075
[100933,1255161],[100933,1255161],30.1511
[101089,1255143],[101089,1255143],30.1897
[101090,1255139],[101090,1255139],30.19
[101336,1254588],[101336,1254588],30.252
[101676,1254467],[101676,1254467],30.3334
[101901,1250616],[101901,1250616],30.3802
[101927,1250484],[101927,1250484],30.3842
[101934,1250001],[101934,1250001],30.3853
[102116,1249835],[102116,1249835],30.4156
[102131,1249669],[102131,1249669],30.4197
[102148,1249568],[102148,1249568],30.4244
[102157,1249537],[102157,1249537],30.4261
[102164,1249053],[102164,1249054],30.4291
[102172,1249049],[102172,1249049],30.4306
[102242,1248871],[102242,1248871],30.4496
[102251,1248134],[102251,1248134],30.4515
[102401,1248106],[102401,1248106],30.481
[102472,1247924],[102472,1247924],30.4956
[102481,1247187],[102481,1247187],30.4974
[102796,1247042],[102796,1247042],30.5547
[102800,1246569],[102800,1246569],30.5559
[103110,1245682],[103110,1245682],30.6543
[104280,1245675],[104280,1245675],30.8369
[104497,1245071],[104497,1245071],30.8689
[104590,1244788],[104590,1244788],30.8802
[105893,1244592],[105893,1244592],31.0269
[105977,1244177],[105977,1244177],31.0407
[106109,1243992],[106109,1243992],31.0547
[107073,1243145],[107073,1243145],31.1445
[107157,1242609],[107157,1242609],31.1564
[107303,1242198],[107303,1242198],31.1785
[108543,1242002],[108543,1242002],31.3683
[108637,1241715],[108637,1241715],31.3778
[108690,1241587],[108690,1241587],31.3842
[108765,1241344],[108765,1241344],31.3945
[108783,1241304],[108783,1241304],31.3968
[108911,1240933],[108911,1240933],31.4147
[108995,1240397],[108995,1240397],31.4244
[109141,1239986],[109141,1239986],31.4413
[109404,1239514],[109404,1239514],31.4737
[109419,1239348],[109419,1239348],31.4754
[109445,1239216],[109445,1239216],31.4803
[109530,1238550],[109530,1238550],31.4971
[109539,1237813],[109539,1237813],31.4984
[109689,1237785],[109689,1237785],31.5244
[109760,1237603],[109760,1237603],31.5358
[109769,1236866],[109769,1236866],31.5372
[110084,1236721],[110084,1236721],31.5807
[110088,1236248],[110088,1236248],31.5812
[111249,1235972],[111249,1235972],31.6906
[111382,1235783],[111382,1235783],31.7053
[111475,1235637],[111475,1235637],31.7186
[111568,1235354],[111568,1235354],31.7306
[111701,1235165],[111701,1235165],31.7486
[111876,1234655],[111876,1234655],31.769
[112191,1234510],[112191,1234510],31.804
[112195,1234037],[112195,1234037],31.8045
[113369,1233329],[113369,1233329],31.9138
[113675,1233143],[113675,1233143],31.9513
[113688,1232711],[113688,1232711],31.9529
[114784,1232049],[114784,1232049],32.0638
[115099,1231904],[115099,1231904],32.1212
[115103,1231431],[115103,1231431],32.1225
[115737,1089373],[115737,1089373],32.2197
[115739,1088449],[115739,1088449],32.2199
[115775,1081242],[115775,1081242],32.228
[115818,1080099],[115818,1080099],32.2368
[115820,1079175],[115820,1079175],32.237
[115839,1075682],[115839,1075682],32.239
[115841,1074758],[115841,1074758],32.2392
[116069,1074735],[116069,1074735],32.2606
[116071,1073811],[116071,1073811],32.2607
[116240,1072430],[116240,1072430],32.2768
[116274,1071893],[116274,1071893],32.2804
[116309,1071623],[116309,1071623],32.286
[116358,1071587],[116358,1071587],32.2926
[116364,1071479],[116364,1071479],32.2932
[116399,1071302],[116399,1071302],32.3024
[116400,1071298],[116400,1071298],32.3026
[116801,1068046],[116801,1068046],32.3525
[116835,1067509],[116835,1067509],32.3591
[116912,1067111],[116912,1067111],32.3747
[116924,1067099],[116924,1067099],32.3761
[116962,1067071],[116962,1067071],32.3824
[117065,1066562],[117065,1066562],32.3976
[117142,1066164],[117142,1066164],32.406
[117154,1066152],[117154,1066152],32.4074
[117192,1066124],[117192,1066124],32.4112
[118685,1065802],[118685,1065802],32.4982
[118686,1065798],[118686,1065798],32.4985
[118720,1065261],[118720,1065261],32.5023
[118737,1065014],[118737,1065014],32.505
[118755,1064991],[118755,1064991],32.5095
[118785,1064982],[118785,1064982],32.5134
[118786,1064978],[118786,1064978],32.514
[118809,1064851],[118809,1064851],32.5165
[118810,1064847],[118810,1064847],32.5168
[118896,1064320],[118896,1064320],32.529
[118903,1064208],[118903,1064208],32.5312
[118967,1064067],[118967,1064067],32.5381
[118985,1064044],[118985,1064044],32.5402
[119015,1064035],[119015,1064035],32.5433
[119016,1064031],[119016,1064031],32.5435
[119039,1063904],[119039,1063904],32.548
[119040,1063900],[119040,1063900],32.5484
[119126,1063373],[119126,1063373],32.5569
[119133,1063261],[119133,1063261],32.5577
[120106,1053183],[120106,1053183],32.6192
[120108,1052259],[120108,1052259],32.6193
[120148,1052044],[120148,1052044],32.6216
[120149,1052040],[120149,1052040],32.6217
[120151,1051116],[120151,1051116],32.6219
[120170,1047623],[120170,1047623],32.6232
[120399,1046680],[120399,1046680],32.6316
[120400,1046676],[120400,1046676],32.6318
[120571,1044371],[120571,1044371],32.6385
[120605,1043834],[120605,1043834],32.6405
[120640,1043564],[120640,1043564],32.6424
[120689,1043528],[120689,1043528],32.6451
[120695,1043420],[120695,1043420],32.6454
[120835,1042887],[120835,1042887],32.6514
[120870,1042617],[120870,1042617],32.6531
[120919,1042581],[120919,1042581],32.6549
[124589,1041827],[124589,1041827],32.7142
[124595,1041719],[124595,1041719],32.7144
[124735,1041186],[124735,1041186],32.7165
[124819,1040880],[124819,1040880],32.7177
[131101,1026278],[131101,1026278],32.7813
[132336,1024066],[132336,1024066],32.8077
[135800,1020961],[135800,1020961],32.8795
[143330,1005579],[143330,1005579],33.0196
[143867,1004021],[143867,1004021],33.0285
[145796,1003496],[145796,1003496],33.0546
[146026,1002549],[146026,1002549],33.0605
[147241,1001706],[147241,1001706],33.0775
[147586,1001102],[147586,1001102],33.0847
[149469,999542],[149469,999542],33.1139
[149490,995125],[149490,995125],33.1151
[153491,989852],[153491,989852],33.1808
[155974,988998],[155974,988998],33.2116
[156483,988383],[156483,988383],33.219
[156704,987776],[156704,987776],33.2217
[156713,987436],[156713,987436],33.2218
[158633,987251],[158633,987251],33.2495
[158863,986304],[158863,986304],33.2522
[160087,985121],[160087,985121],33.2653
[160432,984517],[160432,984517],33.2695
[162160,984316],[162160,984316],33.2844
[162169,983976],[162169,983976],33.2846
[162302,983860],[162302,983860],33.2871
[162346,982789],[162346,982789],33.2879
[162576,981842],[162576,981842],33.2927
[164143,980739],[164143,980739],33.3158
[164373,979792],[164373,979792],33.3204
[165088,979430],[165088,979430],33.3325
[166295,978923],[166295,978923],33.345
[166303,978587],[166303,978587],33.3457
[166331,976307],[166331,976307],33.3465
[166375,975236],[166375,975236],33.347
[166605,974289],[166605,974289],33.3509
[168879,973160],[168879,973160],33.3678
[169109,972213],[169109,972213],33.37
[170324,971370],[170324,971370],33.3821
[170332,971034],[170332,971034],33.3823
[172593,970791],[172593,970791],33.4006
[172815,970180],[172815,970180],33.4036
[172823,969844],[172823,969844],33.4037
[173546,968954],[173546,968954],33.4102
[175475,968429],[175475,968429],33.4197
[175705,967482],[175705,967482],33.4222
[176050,966878],[176050,966878],33.425
[176928,966303],[176928,966303],33.4324
[177265,966035],[177265,966035],33.4372
[177273,965699],[177273,965699],33.4373
[179002,965494],[179002,965494],33.4477
[179419,965113],[179419,965113],33.4514
[179756,964845],[179756,964845],33.4538
[179764,964509],[179764,964509],33.4538
[180971,964002],[180971,964002],33.4645
[180979,963666],[180979,963666],33.4647
[181506,963418],[181506,963418],33.4688
[181514,963082],[181514,963082],33.4689
[182646,962147],[182646,962147],33.4759
[183861,961304],[183861,961304],33.487
[183869,960968],[183869,960968],33.4871
[184873,960042],[184873,960042],33.4949
[186088,959199],[186088,959199],33.5023
[186096,958863],[186096,958863],33.5024
[187895,958125],[187895,958125],33.5206
[188125,957178],[188125,957178],33.5262
[189274,956112],[189274,956112],33.5392
[190407,955713],[190407,955713],33.5517
[190489,955269],[190489,955269],33.5526
[191813,954711],[191813,954711],33.5705
[191819,954617],[191819,954617],33.5707
[191820,954613],[191820,954613],33.5708
[191822,954371],[191822,954371],33.5708
[191844,954259],[191844,954259],33.5714
[191852,953923],[191852,953923],33.5715
[192988,953743],[192988,953743],33.5947
[194195,953236],[194195,953236],33.6096
[194343,952733],[194343,952733],33.6124
[195066,951843],[195066,951843],33.6208
[195993,951388],[195993,951388],33.6321
[196215,950777],[196215,950777],33.6349
[197225,950371],[197225,950371],33.6495
[197430,949934],[197430,949934],33.6535
[198448,949192],[198448,949192],33.6632
[198785,948924],[198785,948924],33.6662
[200172,948025],[200172,948025],33.6762
[200216,946954],[200216,946954],33.6765
[200446,946007],[200446,946007],33.6787
[202720,944878],[202720,944878],33.6957
[202950,943931],[202950,943931],33.698
[204165,943088],[204165,943088],33.7085
[206401,942595],[206401,942595],33.7207
[206656,941898],[206656,941898],33.7231
[207387,940672],[207387,940672],33.7284
[207395,940336],[207395,940336],33.7285
[209316,940147],[209316,940147],33.7377
[209546,939200],[209546,939200],33.7399
[209891,938596],[209891,938596],33.7425
[209899,938260],[209899,938260],33.7426
[210769,938021],[210769,938021],33.7475
[211106,937753],[211106,937753],33.7501
[211927,937304],[211927,937304],33.7551
[213142,936461],[213142,936461],33.7607
[214475,935988],[214475,935988],33.7657
[214812,935720],[214812,935720],33.7678
[215633,935271],[215633,935271],33.7725
[215641,934935],[215641,934935],33.7726
[216257,934812],[216257,934812],33.7752
[216487,933865],[216487,933865],33.776
[216495,933529],[216495,933529],33.7761
[217702,933022],[217702,933022],33.7813
[217710,932686],[217710,932686],33.7813
[218713,931764],[218713,931764],33.7853
[218722,931424],[218722,931424],33.7853
[219929,930917],[219929,930917],33.7914
[219937,930581],[219937,930581],33.7915
[220968,929041],[220968,929041],33.7957
[221198,928094],[221198,928094],33.797
[223115,927830],[223115,927830],33.8038
[223472,926965],[223472,926965],33.8058
[223702,926018],[223702,926018],33.8073
[224917,925175],[224917,925175],33.8127
[226192,924939],[226192,924939],33.8215
[227265,923273],[227265,923273],33.8251
[227495,922326],[227495,922326],33.8264
[229769,921197],[229769,921197],33.8359
[229999,920250],[229999,920250],33.8378
[231214,919407],[231214,919407],33.843
[233594,919303],[233594,919303],33.8506
[234041,918632],[234041,918632],33.8525
[234206,917938],[234206,917938],33.8532
[234436,916991],[234436,916991],33.8543
[236364,916470],[236364,916470],33.8591
[236594,915523],[236594,915523],33.8601
[236940,914915],[236940,914915],33.8614
[237809,914680],[237809,914680],33.8639
[238155,914072],[238155,914072],33.8654
[239465,913851],[239465,913851],33.8701
[239892,913531],[239892,913531],33.8719
[240681,913004],[240681,913004],33.8745
[241956,912768],[241956,912768],33.8795
[242166,912402],[242166,912402],33.8808
[242396,911455],[242396,911455],33.8819
[242718,910983],[242718,910983],33.8832
[243535,910188],[243535,910188],33.8862
[243867,909917],[243867,909917],33.8873
[244750,909345],[244750,909345],33.8901
[245081,909078],[245081,909078],33.8923
[245222,908907],[245222,908907],33.8932
[246436,908068],[246436,908068],33.8987
[246437,908064],[246437,908064],33.8988
[246977,907240],[246977,907240],33.8998
[248785,906162],[248785,906162],33.9078
[249015,905215],[249015,905215],33.9093
[249933,905100],[249933,905100],33.9121
[250164,904149],[250164,904149],33.9126
[251288,904090],[251288,904090],33.9163
[251378,903310],[251378,903310],33.917
[252701,902990],[252701,902990],33.9252
[252702,902986],[252702,902986],33.9253
[252704,902744],[252704,902744],33.9253
[252734,902296],[252734,902296],33.9256
[253916,902147],[253916,902147],33.9318
[253917,902143],[253917,902143],33.9318
[254809,900759],[254809,900759],33.9342
[255039,899812],[255039,899812],33.9347
[256874,899765],[256874,899765],33.9377
[257105,898814],[257105,898814],33.938
[257312,898687],[257312,898687],33.9388
[257543,897736],[257543,897736],33.9398
[258758,896893],[258758,896893],33.9429
[260033,896657],[260033,896657],33.945
[261106,894991],[261106,894991],33.9474
[261336,894044],[261336,894044],33.9487
[263610,892915],[263610,892915],33.9542
[263840,891968],[263840,891968],33.9555
[265055,891125],[265055,891125],33.9599
[266519,891113],[266519,891113],33.963
[266520,891109],[266520,891109],33.9631
[267282,890972],[267282,890972],33.9655
[267734,890270],[267734,890270],33.9664
[268047,889656],[268047,889656],33.967
[268277,888709],[268277,888709],33.9674
[270205,888188],[270205,888188],33.97
[270435,887241],[270435,887241],33.9709
[270781,886633],[270781,886633],33.972
[271650,886398],[271650,886398],33.9737
[271996,885790],[271996,885790],33.9745
[272816,885345],[272816,885345],33.9762
[274031,884502],[274031,884502],33.979
[275797,884486],[275797,884486],33.983
[275798,884482],[275798,884482],33.983
[275811,884445],[275811,884445],33.9831
[276038,884172],[276038,884172],33.984
[277012,883643],[277012,883643],33.9866
[277146,882853],[277146,882853],33.9869
[277376,881906],[277376,881906],33.9876
[277708,881635],[277708,881635],33.9883
[278591,881063],[278591,881063],33.9894
[278922,880796],[278922,880796],33.9899
[279374,880744],[279374,880744],33.9906
[279604,879797],[279604,879797],33.9913
[280819,878954],[280819,878954],33.993
[283621,878875],[283621,878875],33.9984
[283646,878179],[283646,878179],33.9985
[283775,876814],[283775,876814],33.9987
[284005,875867],[284005,875867],33.9994
[285219,875028],[285219,875028],34.0016
[286542,874708],[286542,874708],34.0053
[286543,874704],[286543,874704],34.0053
[287757,873865],[287757,873865],34.0077
[287758,873861],[287758,873861],34.0077
[289254,873159],[289254,873159],34.0099
[290249,872840],[290249,872840],34.0112
[290387,872758],[290387,872758],34.0113
[290668,872222],[290668,872222],34.0115
[290716,871479],[290716,871479],34.0116
[290946,870532],[290946,870532],34.0121
[292160,869693],[292160,869693],34.0143
[293484,869369],[293484,869369],34.0162
[294107,869177],[294107,869177],34.0172
[294337,868230],[294337,868230],34.0177
[295551,867391],[295551,867391],34.0191
[296412,867351],[296412,867351],34.0206
[297554,866517],[297554,866517],34.0223
[297627,866508],[297627,866508],34.0225
[297945,866382],[297945,866382],34.0231
[298769,865674],[298769,865674],34.0251
[299160,865539],[299160,865539],34.0253
[299371,865093],[299371,865093],34.0255
[299982,864522],[299982,864522],34.0263
[300131,863774],[300131,863774],34.0267
[300361,862827],[300361,862827],34.0275
[301575,861988],[301575,861988],34.0294
[302709,861583],[302709,861583],34.0312
[303924,860740],[303924,860740],34.0326
[305390,860643],[305390,860643],34.0349
[305476,860283],[305476,860283],34.035
[306050,859697],[306050,859697],34.0353
[306280,858750],[306280,858750],34.0355
[306428,858006],[306428,858006],34.0356
[306658,857059],[306658,857059],34.0361
[307872,856220],[307872,856220],34.0377
[310833,856121],[310833,856121],34.0405
[311688,854871],[311688,854871],34.0415
[312876,854019],[312876,854019],34.0422
[313369,852671],[313369,852671],34.0427
[313599,851724],[313599,851724],34.0431
[314813,850885],[314813,850885],34.0449
[317578,850593],[317578,850593],34.0474
[318398,850487],[318398,850487],34.0481
[318629,849536],[318629,849536],34.0483
[319536,848992],[319536,848992],34.0491
[319843,848697],[319843,848697],34.0496
[320147,848421],[320147,848421],34.0499
[321814,847526],[321814,847526],34.0507
[322044,846579],[322044,846579],34.0512
[323305,846097],[323305,846097],34.0542
[324519,845258],[324519,845258],34.0551
[326086,844961],[326086,844961],34.0576
[326172,844793],[326172,844793],34.0577
[326215,843596],[326215,843596],34.0578
[326445,842649],[326445,842649],34.0583
[328404,842238],[328404,842238],34.0604
[328983,841486],[328983,841486],34.061
[329293,840896],[329293,840896],34.0626
[331475,840461],[331475,840461],34.0648
[332828,839536],[332828,839536],34.0651
[333257,838256],[333257,838256],34.0655
[333487,837309],[333487,837309],34.0658
[334701,836470],[334701,836470],34.0665
[335892,835952],[335892,835952],34.0673
[336776,835016],[336776,835016],34.0679
[338239,834712],[338239,834712],34.069
[338852,834133],[338852,834133],34.07
[339994,833299],[339994,833299],34.0715
[341343,833050],[341343,833050],34.0727
[341806,832828],[341806,832828],34.0733
[341959,831131],[341959,831131],34.0736
[342189,830184],[342189,830184],34.0743
[342800,829613],[342800,829613],34.0754
[344746,829319],[344746,829319],34.0764
[344919,829312],[344919,829312],34.0765
[345149,828365],[345149,828365],34.0769
[346701,827908],[346701,827908],34.0779
[347830,827425],[347830,827425],34.0794
[348868,824788],[348868,824788],34.0798
[349097,823845],[349097,823845],34.0802
[353897,822604],[353897,822604],34.0825
[354127,821657],[354127,821657],34.0829
[356809,821044],[356809,821044],34.0843
[357312,820038],[357312,820038],34.0848
[358300,819224],[358300,819224],34.0856
[358803,818218],[358803,818218],34.0863
[360456,817753],[360456,817753],34.0872
[361812,817030],[361812,817030],34.0878
[363308,816657],[363308,816657],34.0884
[364522,815818],[364522,815818],34.0888
[365713,815300],[365713,815300],34.0891
[367658,815010],[367658,815010],34.0896
[367831,815003],[367831,815003],34.0896
[368060,814060],[368060,814060],34.0899
[368673,813481],[368673,813481],34.0904
[369815,812647],[369815,812647],34.0909
[371164,812398],[371164,812398],34.0918
[371780,810479],[371780,810479],34.092
[372010,809532],[372010,809532],34.0923
[372621,808961],[372621,808961],34.093
[374567,808667],[374567,808667],34.0942
[374740,808660],[374740,808660],34.0943
[374970,807713],[374970,807713],34.0946
[376522,807256],[376522,807256],34.0953
[378689,804136],[378689,804136],34.0957
[378918,803193],[378918,803193],34.096
[414785,802590],[414785,802590],34.0981
[415484,800014],[415484,800014],34.0983
[415713,799071],[415713,799071],34.0985
[443307,798722],[443307,798722],34.0995
[463736,798511],[463736,798511],34.1002
[463965,797568],[463965,797568],34.1002
[467716,795794],[467716,795794],34.1004
[467945,794851],[467945,794851],34.1004
[480101,794604],[480101,794604],34.1007
[575739,791656],[575739,791656],34.1035
[575969,790709],[575969,790709],34.1035
[576575,789892],[576575,789892],34.1035
[622279,784377],[622279,784377],34.107
[622509,783430],[622509,783430],34.1071
[624142,782543],[624142,782543],34.1073
[624372,781596],[624372,781596],34.1074
[635076,781356],[635076,781356],34.1078
[635306,780409],[635306,780409],34.1078
[641000,779938],[641000,779938],34.1081
[641161,779231],[641161,779231],34.1082
[641772,778660],[641772,778660],34.1083
[642228,778409],[642228,778409],34.1083
[643357,777841],[643357,777841],34.1085
[643968,777650],[643968,777650],34.1087
[644120,777416],[644120,777416],34.1087
[644424,777395],[644425,777395],34.1089
[644718,776365],[644718,776365],34.109
[644948,775418],[644948,775418],34.109
[645559,775227],[645559,775227],34.109
[646015,774976],[646015,774976],34.1091
[647678,774926],[647678,774926],34.1093
[648070,772888],[648070,772888],34.1094
[650265,771882],[650265,771882],34.1095
[651627,770402],[651627,770402],34.1095
[651856,769459],[651856,769459],34.1096
[684865,768766],[684865,768766],34.1098
[687060,767760],[687060,767760],34.1099
[688422,766280],[688422,766280],34.1099
[688651,765337],[688651,765337],34.1099
[716245,764988],[716245,764988],34.11
[736674,764777],[736674,764777],34.1101
[736904,763830],[736904,763830],34.1101
[739292,763540],[739292,763540],34.1101
[740654,762060],[740654,762060],34.1101
[740883,761117],[740883,761117],34.1101
[753040,760866],[753040,760866],34.1101
[833322,760574],[833322,760574],34.1102
[833552,759627],[833552,759627],34.1102
[847921,758585],[847921,758585],34.1102
[848677,757922],[848677,757922],34.1102
[848907,756975],[848907,756975],34.1102
[849513,756158],[849513,756158],34.1103
[861669,755911],[861669,755911],34.1103
[882521,755469],[882521,755469],34.1103
[883902,754910],[883902,754910],34.1103
[884716,754463],[884716,754463],34.1103
[885472,753800],[885472,753800],34.1103
[885702,752853],[885702,752853],34.1103
[886308,752036],[886308,752036],34.1103
[898464,751789],[898464,751789],34.1103
[62732,1373430],[62732,1373430],34.1189
[62767,1372776],[62767,1372776],34.119
[62775,1372287],[62775,1372287],34.1192
[62796,1367870],[62796,1367870],34.1193
[62831,1367216],[62831,1367216],34.1194
[63026,1366923],[63026,1366923],34.1208
[63104,1364739],[63104,1364739],34.1214
[63139,1364085],[63139,1364085],34.1218
[63249,1363764],[63249,1363764],34.1252
[63369,1363138],[63369,1363138],34.1281
[63479,1362817],[63479,1362817],34.13
[63645,1361587],[63645,1361587],34.1333
[63652,1359249],[63652,1359249],34.1336
[63665,1357423],[63665,1357423],34.134
[63669,1352406],[63669,1352406],34.1342
[63712,1351263],[63712,1351263],34.1361
[63733,1346846],[63733,1346846],34.1371
[63963,1345899],[63963,1345899],34.1429
[67234,1344094],[67234,1344094],34.2056
[67464,1343147],[67464,1343147],34.209
[71822,1339616],[71822,1339616],34.3195
[73774,1338001],[73774,1338001],34.3703
[75323,1336864],[75323,1336864],34.4041
[76886,1336139],[76886,1336139],34.4351
[81104,1334772],[81104,1334772],34.53
[82653,1333635],[82653,1333635],34.5549
[83022,1333621],[83022,1333621],34.5614
[83896,1332857],[83896,1332857],34.5801
[84386,1332460],[84386,1332460],34.5868
[86011,1330673],[86011,1330673],34.6122
[86987,1330427],[86987,1330427],34.6288
[87394,1329943],[87394,1329943],34.6385
[87414,1329626],[87414,1329626],34.639
[87560,1329536],[87560,1329536],34.6417
[88541,1329421],[88541,1329421],34.6652
[88608,1329058],[88608,1329058],34.6681
[88963,1328489],[88963,1328489],34.678
[90453,1328329],[90453,1328329],34.7216
[90828,1327554],[90828,1327554],34.7302
[91235,1327070],[91235,1327070],34.742
[91326,1327030],[91326,1327030],34.7441
[91666,1326909],[91666,1326909],34.7572
[91733,1326546],[91733,1326546],34.7588
[92073,1326425],[92073,1326425],34.7692
[92449,1326185],[92449,1326185],34.7794
[92540,1326145],[92540,1326145],34.7813
[92947,1325661],[92947,1325661],34.7936
[93287,1325540],[93287,1325540],34.8082
[93747,1325231],[93747,1325231],34.8251
[94359,1324633],[94359,1324633],34.8466
[94864,1283040],[94864,1283040],34.8627
[95172,1279909],[95172,1279909],34.8744
[95209,1279719],[95209,1279719],34.8768
[95801,1262016],[95801,1262016],34.905
[104279,1245679],[104279,1245679],35.3575
[105892,1244596],[105892,1244596],35.3994
[109459,1238732],[109459,1238732],35.4753
[330479,840784],[330479,840784],36.0515
[348854,827331],[348854,827331],36.0562
[357082,820985],[357082,820985],36.057
[358573,819165],[358573,819165],36.0576
[413316,803138],[413316,803138],36.0631
[431150,798973],[431150,798973],36.0636
[622314,784361],[622314,784361],36.0657
[622481,784283],[622481,784283],36.0657
[622544,783414],[622544,783414],36.0658
[624114,783396],[624114,783396],36.0658
[624344,782449],[624344,782449],36.0658
[628309,781527],[628309,781527],36.0659
[640921,780107],[640921,780107],36.066
[644042,777581],[644042,777581],36.066
[644424,777399],[644424,777399],36.066
[644491,777298],[644491,777298],36.066
[647505,774933],[647505,774933],36.0661
[647829,774148],[647829,774148],36.0661
[647839,773839],[647839,773839],36.0661
[650035,772829],[650035,772829],36.0661
[686830,768707],[686830,768707],36.0661
[704088,765239],[704088,765239],36.0661
