[62731,1373434],[62731,1373434],0.000798
[62732,1373430],[62732,1373430],0.001412
[62766,1372780],[62766,1372780],0.001835
[62767,1372776],[62767,1372776],0.002171
[62774,1372291],[62774,1372291],0.002227
[62775,1372287],[62775,1372287],0.002242
[62795,1367874],[62795,1367874],0.002444
[62796,1367870],[62796,1367870],0.002461
[62830,1367220],[62830,1367220],0.002926
[62831,1367216],[62831,1367216],0.002951
[63025,1366927],[63025,1366927],0.007461
[63026,1366923],[63026,1366923],0.007508
[63060,1366273],[63060,1366273],0.009019
[63061,1366269],[63061,1366269],0.009077
[63103,1364743],[63103,1364743],0.01155
[63104,1364739],[63104,1364739],0.011624
[63138,1364089],[63138,1364089],0.013685
[63139,1364085],[63139,1364085],0.013733
[63175,1363899],[63175,1363899],0.015588
[63176,1363895],[63176,1363895],0.015638
[63248,1363768],[63248,1363768],0.02019
[63249,1363764],[63249,1363764],0.020254
[63368,1363142],[63368,1363142],0.027644
[63369,1363138],[63369,1363138],0.027708
[63405,1362952],[63405,1362952],0.029794
[63406,1362948],[63406,1362948],0.029862
[63478,1362821],[63478,1362821],0.036226
[63479,1362817],[63479,1362817],0.036301
[63512,1362412],[63512,1362412],0.039342
[63513,1362408],[63513,1362408],0.039435
[63550,1361828],[63550,1361828],0.042193
[63551,1361824],[63551,1361824],0.042286
[63644,1361591],[63644,1361591],0.051814
[63645,1361587],[63645,1361587],0.051898
[63651,1359253],[63651,1359253],0.052403
[63652,1359249],[63652,1359249],0.052492
[63664,1357427],[63664,1357427],0.054487
[63665,1357423],[63665,1357423],0.05487
[63668,1352410],[63668,1352410],0.055496
[63669,1352406],[63669,1352406],0.055879
[63703,1351756],[63703,1351756],0.059424
[63704,1351752],[63704,1351752],0.059762
[63711,1351267],[63711,1351267],0.060417
[63712,1351263],[63712,1351263],0.060546
[63732,1346850],[63732,1346850],0.063391
[63733,1346846],[63733,1346846],0.063484
[63767,1346196],[63767,1346196],0.06704
[63768,1346192],[63768,1346192],0.067155
[63962,1345903],[63962,1345903],0.085244
[63963,1345899],[63963,1345899],0.085364
[63997,1345249],[63997,1345249],0.088799
[63998,1345245],[63998,1345245],0.088887
[65316,1345059],[65316,1345059],0.164286
[65317,1345055],[65317,1345055],0.164347
[65511,1344766],[65511,1344766],0.17365
[65512,1344762],[65512,1344762],0.173706
[65546,1344112],[65546,1344112],0.175285
[65547,1344108],[65547,1344108],0.175338
[67233,1344098],[67233,1344098],0.255443
[67234,1344094],[67234,1344094],0.255498
[67268,1343444],[67268,1343444],0.257126
[67269,1343440],[67269,1343440],0.257193
[67463,1343151],[67463,1343151],0.268126
[67464,1343147],[67464,1343147],0.268193
[67498,1342497],[67498,1342497],0.270264
[67499,1342493],[67499,1342493],0.27033
[68682,1341890],[68682,1341890],0.349008
[68683,1341886],[68683,1341886],0.349077
[69047,1341360],[69047,1341360],0.377164
[69048,1341356],[69048,1341356],0.377257
[70077,1341050],[70077,1341050],0.467491
[70078,1341046],[70078,1341046],0.467596
[70272,1340757],[70272,1340757],0.486106
[70273,1340753],[70273,1340753],0.486219
[70307,1340103],[70307,1340103],0.489868
[70308,1340099],[70308,1340099],0.489974
[71626,1339913],[71626,1339913],0.613638
[71627,1339909],[71627,1339909],0.613731
[71821,1339620],[71821,1339620],0.630868
[71822,1339616],[71822,1339616],0.630961
[71856,1338966],[71856,1338966],0.633895
[71857,1338962],[71857,1338962],0.633973
[73543,1338952],[73543,1338952],0.79504
[73544,1338948],[73544,1338948],0.79515
[73578,1338298],[73578,1338298],0.798225
[73579,1338294],[73579,1338294],0.798314
[73773,1338005],[73773,1338005],0.81833
[73774,1338001],[73774,1338001],0.818446
[73808,1337351],[73808,1337351],0.822046
[73809,1337347],[73809,1337347],0.822146
[75127,1337161],[75127,1337161],0.950074
[75128,1337157],[75128,1337157],0.950212
[75322,1336868],[75322,1336868],0.96729
[75323,1336864],[75323,1336864],0.967384
[75357,1336214],[75357,1336214],0.970521
[75358,1336210],[75358,1336210],0.970668
[76885,1336143],[76885,1336143],1.09255
[76886,1336139],[76886,1336139],1.09265
[76920,1335489],[76920,1335489],1.09532
[76921,1335485],[76921,1335485],1.09538
[80296,1334847],[80296,1334847],1.33044
[80297,1334843],[80297,1334843],1.33054
[81103,1334776],[81103,1334776],1.39798
[81104,1334772],[81104,1334772],1.39808
[81249,1334686],[81249,1334686],1.41139
[81250,1334682],[81250,1334682],1.41151
[82274,1334230],[82274,1334230],1.50359
[82275,1334226],[82275,1334226],1.5037
[82614,1334109],[82614,1334109],1.53644
[82615,1334105],[82615,1334105],1.53655
[82652,1333639],[82652,1333639],1.53993
[82653,1333635],[82653,1333635],1.54004
[83021,1333625],[83021,1333625],1.57834
[83022,1333621],[83022,1333621],1.57845
[83488,1333345],[83488,1333345],1.62602
[83489,1333341],[83489,1333341],1.62616
[83828,1333224],[83828,1333224],1.66252
[83829,1333220],[83829,1333220],1.66263
[83895,1332861],[83895,1332861],1.66923
[83896,1332857],[83896,1332857],1.66938
[84235,1332740],[84235,1332740],1.70455
[84236,1332736],[84236,1332736],1.70465
[84385,1332464],[84385,1332464],1.71868
[84386,1332460],[84386,1332460],1.71878
[84997,1331955],[84997,1331955],1.78176
[84998,1331951],[84998,1331951],1.78189
[85710,1331809],[85710,1331809],1.85289
[85711,1331805],[85711,1331805],1.85302
[85775,1331478],[85775,1331478],1.86056
[85776,1331474],[85776,1331474],1.86067
[85788,1331417],[85788,1331417],1.86199
[85789,1331413],[85789,1331413],1.8621
[85975,1331331],[85975,1331331],1.88325
[85976,1331327],[85976,1331327],1.88336
[86010,1330677],[86010,1330677],1.88686
[86011,1330673],[86011,1330673],1.88697
[86986,1330431],[86986,1330431],1.98056
[86987,1330427],[86987,1330427],1.98068
[87326,1330310],[87326,1330310],2.01642
[87327,1330306],[87327,1330306],2.01652
[87378,1330284],[87378,1330284],2.02182
[87379,1330280],[87379,1330280],2.02193
[87393,1329947],[87393,1329947],2.0234
[87394,1329943],[87394,1329943],2.02351
[87413,1329630],[87413,1329630],2.02535
[87414,1329626],[87414,1329626],2.02544
[87559,1329540],[87559,1329540],2.04112
[87560,1329536],[87560,1329536],2.04127
[88540,1329425],[88540,1329425],2.1329
[88541,1329421],[88541,1329421],2.13299
[88607,1329062],[88607,1329062],2.1382
[88608,1329058],[88608,1329058],2.13831
[88947,1328941],[88947,1328941],2.16911
[88948,1328937],[88948,1328937],2.16918
[88962,1328493],[88962,1328493],2.17036
[88963,1328489],[88963,1328489],2.17043
[90142,1328461],[90142,1328461],2.26954
[90143,1328457],[90143,1328457],2.26963
[90395,1328450],[90395,1328450],2.29453
[90396,1328446],[90396,1328446],2.29462
[90452,1328333],[90452,1328333],2.3003
[90453,1328329],[90453,1328329],2.30042
[90487,1327679],[90487,1327679],2.30408
[90488,1327675],[90488,1327675],2.30419
[90827,1327558],[90827,1327558],2.34277
[90828,1327554],[90828,1327554],2.34287
[90894,1327195],[90894,1327195],2.34974
[90895,1327191],[90895,1327191],2.34986
[91234,1327074],[91234,1327074],2.38812
[91235,1327070],[91235,1327070],2.38827
[91325,1327034],[91325,1327034],2.39814
[91326,1327030],[91326,1327030],2.39827
[91665,1326913],[91665,1326913],2.43885
[91666,1326909],[91666,1326909],2.43901
[91701,1326794],[91701,1326794],2.44295
[91702,1326790],[91702,1326790],2.44309
[91732,1326550],[91732,1326550],2.44685
[91733,1326546],[91733,1326546],2.447
[92072,1326429],[92072,1326429],2.48883
[92073,1326425],[92073,1326425],2.48896
[92108,1326310],[92108,1326310],2.49289
[92109,1326306],[92109,1326306],2.49302
[92448,1326189],[92448,1326189],2.5342
[92449,1326185],[92449,1326185],2.53436
[92539,1326149],[92539,1326149],2.54565
[92540,1326145],[92540,1326145],2.54576
[92782,1325940],[92782,1325940],2.57419
[92783,1325936],[92783,1325936],2.57434
[92946,1325665],[92946,1325665],2.59417
[92947,1325661],[92947,1325661],2.59431
[93285,1325591],[93285,1325591],2.63697
[93286,1325544],[93286,1325544],2.63711
[93287,1325540],[93287,1325540],2.63725
[93394,1325342],[93394,1325342],2.65003
[93395,1325338],[93395,1325338],2.65015
[93746,1325235],[93746,1325235],2.69402
[93747,1325231],[93747,1325231],2.69414
[94086,1325114],[94086,1325114],2.73984
[94087,1325110],[94087,1325110],2.73997
[94204,1324649],[94204,1324649],2.75602
[94205,1324645],[94205,1324645],2.75618
[94358,1324637],[94358,1324637],2.77684
[94359,1324633],[94359,1324633],2.77698
[94529,1290167],[94529,1290167],2.80207
[94530,1290163],[94530,1290163],2.8026
[94555,1290035],[94555,1290035],2.80612
[94556,1290031],[94556,1290031],2.80661
[94562,1289552],[94562,1289552],2.80775
[94563,1289548],[94563,1289548],2.80824
[94572,1289024],[94572,1289024],2.80945
[94573,1289020],[94573,1289020],2.80959
[94593,1284607],[94593,1284607],2.81227
[94594,1284603],[94594,1284603],2.81242
[94619,1284475],[94619,1284475],2.81541
[94620,1284471],[94620,1284471],2.81558
[94626,1283992],[94626,1283992],2.81631
[94627,1283988],[94627,1283988],2.81646
[94808,1283826],[94808,1283826],2.84103
[94809,1283822],[94809,1283822],2.84115
[94823,1283660],[94823,1283660],2.84293
[94824,1283656],[94824,1283656],2.84304
[94840,1283559],[94840,1283559],2.84585
[94841,1283555],[94841,1283555],2.84598
[94849,1283528],[94849,1283528],2.84704
[94850,1283524],[94850,1283524],2.84719
[94856,1283045],[94856,1283045],2.84803
[94857,1283041],[94857,1283041],2.84817
[94864,1283040],[94864,1283040],2.84977
[94865,1283036],[94865,1283036],2.84992
[94901,1281476],[94901,1281476],2.85664
[94902,1281472],[94902,1281472],2.85681
[94927,1281344],[94927,1281344],2.86117
[94928,1281340],[94928,1281340],2.86133
[94934,1280861],[94934,1280861],2.86228
[94935,1280857],[94935,1280857],2.86249
[94971,1280671],[94971,1280671],2.8685
[94972,1280667],[94972,1280667],2.86871
[95044,1280540],[95044,1280540],2.88196
[95045,1280536],[95045,1280536],2.88213
[95131,1280529],[95131,1280529],2.89975
[95132,1280525],[95132,1280525],2.89993
[95148,1280428],[95148,1280428],2.90358
[95149,1280424],[95149,1280424],2.90376
[95157,1280397],[95157,1280397],2.90521
[95158,1280393],[95158,1280393],2.90539
[95164,1279914],[95164,1279914],2.90649
[95165,1279910],[95165,1279910],2.9067
[95172,1279909],[95172,1279909],2.908
[95173,1279905],[95173,1279905],2.90818
[95201,1279724],[95201,1279724],2.91465
[95202,1279720],[95202,1279720],2.91486
[95209,1279719],[95209,1279719],2.91614
[95210,1279715],[95210,1279715],2.91634
[95251,1278994],[95251,1278994],2.92585
[95252,1278990],[95252,1278990],2.92607
[95288,1278804],[95288,1278804],2.93403
[95289,1278800],[95289,1278800],2.93424
[95346,1278600],[95346,1278600],2.94579
[95347,1278596],[95347,1278596],2.94605
[95442,1278324],[95442,1278324],2.96951
[95443,1278320],[95443,1278320],2.96975
[95449,1275986],[95449,1275986],2.97111
[95450,1275982],[95450,1275982],2.97133
[95462,1274160],[95462,1274160],2.97498
[95463,1274156],[95463,1274156],2.9755
[95466,1269143],[95466,1269143],2.97647
[95467,1269139],[95467,1269139],2.977
[95492,1269011],[95492,1269011],2.98276
[95493,1269007],[95493,1269007],2.98328
[95499,1268528],[95499,1268528],2.98477
[95500,1268524],[95500,1268524],2.98528
[95509,1268000],[95509,1268000],2.98739
[95510,1267996],[95510,1267996],2.98762
[95530,1263583],[95530,1263583],2.99286
[95531,1263579],[95531,1263579],2.99308
[95556,1263451],[95556,1263451],2.99821
[95557,1263447],[95557,1263447],2.99838
[95563,1262968],[95563,1262968],2.99947
[95564,1262964],[95564,1262964],2.99967
[95745,1262802],[95745,1262802],3.03681
[95746,1262798],[95746,1262798],3.03699
[95760,1262636],[95760,1262636],3.03996
[95761,1262632],[95761,1262632],3.04016
[95777,1262535],[95777,1262535],3.04328
[95778,1262531],[95778,1262531],3.04348
[95786,1262504],[95786,1262504],3.04503
[95787,1262500],[95787,1262500],3.04523
[95793,1262021],[95793,1262021],3.0465
[95794,1262017],[95794,1262017],3.04674
[95801,1262016],[95801,1262016],3.04802
[95802,1262012],[95802,1262012],3.04821
[95871,1261838],[95871,1261838],3.06416
[95872,1261834],[95872,1261834],3.06436
[95880,1261101],[95880,1261101],3.06603
[95881,1261097],[95881,1261097],3.06622
[96031,1261069],[96031,1261069],3.09531
[96032,1261065],[96032,1261065],3.0955
[96101,1260891],[96101,1260891],3.10804
[96102,1260887],[96102,1260887],3.10822
[96110,1260154],[96110,1260154],3.10956
[96111,1260150],[96111,1260150],3.10974
[96425,1260009],[96425,1260009],3.16455
[96426,1260005],[96426,1260005],3.16471
[96429,1259536],[96429,1259536],3.1652
[96430,1259532],[96430,1259532],3.16541
[96739,1258649],[96739,1258649],3.21194
[96740,1258645],[96740,1258645],3.21208
[97079,1258528],[97079,1258528],3.25914
[97080,1258524],[97080,1258524],3.25925
[97142,1258076],[97142,1258076],3.26739
[97143,1258072],[97143,1258072],3.26755
[97482,1257955],[97482,1257955],3.31282
[97483,1257951],[97483,1257951],3.31293
[97889,1257835],[97889,1257835],3.36982
[97890,1257831],[97890,1257831],3.36999
[97925,1257675],[97925,1257675],3.37464
[97926,1257671],[97926,1257671],3.37479
[97952,1257383],[97952,1257383],3.37813
[97953,1257379],[97953,1257379],3.37829
[98061,1257134],[98061,1257134],3.39302
[98062,1257130],[98062,1257130],3.3932
[98537,1257077],[98537,1257077],3.46582
[98538,1257073],[98538,1257073],3.46597
[98844,1256733],[98844,1256733],3.51693
[98845,1256729],[98845,1256729],3.51711
[98871,1256441],[98871,1256441],3.52154
[98872,1256437],[98872,1256437],3.52168
[99025,1256429],[99025,1256429],3.54651
[99026,1256425],[99026,1256425],3.54672
[99347,1256384],[99347,1256384],3.60362
[99348,1256380],[99348,1256380],3.60378
[99365,1256308],[99365,1256308],3.60622
[99366,1256304],[99366,1256304],3.60637
[99456,1256135],[99456,1256135],3.62079
[99457,1256131],[99457,1256131],3.62095
[99785,1255969],[99785,1255969],3.67718
[99786,1255965],[99786,1255965],3.67741
[99835,1255736],[99835,1255736],3.68594
[99836,1255732],[99836,1255732],3.68613
[100175,1255615],[100175,1255615],3.74764
[100176,1255611],[100176,1255611],3.74783
[100266,1255442],[100266,1255442],3.76388
[100267,1255438],[100267,1255438],3.76407
[100420,1255430],[100420,1255430],3.79214
[100421,1255426],[100421,1255426],3.79232
[100749,1255264],[100749,1255264],3.85171
[100750,1255260],[100750,1255260],3.85193
[100932,1255165],[100932,1255165],3.88837
[100933,1255161],[100933,1255161],3.88859
[101089,1255143],[101089,1255143],3.92261
[101090,1255139],[101090,1255139],3.9228
[101189,1255003],[101189,1255003],3.94388
[101190,1254999],[101190,1254999],3.94409
[101230,1254737],[101230,1254737],3.95248
[101231,1254733],[101231,1254733],3.95274
[101335,1254592],[101335,1254592],3.97489
[101336,1254588],[101336,1254588],3.97512
[101675,1254471],[101675,1254471],4.04423
[101676,1254467],[101676,1254467],4.04445
[101900,1250620],[101900,1250620],4.09445
[101901,1250616],[101901,1250616],4.09467
[101926,1250488],[101926,1250488],4.09994
[101927,1250484],[101927,1250484],4.10028
[101933,1250005],[101933,1250005],4.10186
[101934,1250001],[101934,1250001],4.10213
[102115,1249839],[102115,1249839],4.14122
[102116,1249835],[102116,1249835],4.14138
[102130,1249673],[102130,1249673],4.14416
[102131,1249669],[102131,1249669],4.14436
[102147,1249572],[102147,1249572],4.14739
[102148,1249568],[102148,1249568],4.1476
[102156,1249541],[102156,1249541],4.14918
[102157,1249537],[102157,1249537],4.1494
[102163,1249058],[102163,1249058],4.15072
[102164,1249054],[102164,1249054],4.15092
[102171,1249053],[102171,1249053],4.15239
[102172,1249049],[102172,1249049],4.15256
[102241,1248875],[102241,1248875],4.16836
[102242,1248871],[102242,1248871],4.16858
[102250,1248138],[102250,1248138],4.17024
[102251,1248134],[102251,1248134],4.17046
[102401,1248106],[102401,1248106],4.20184
[102402,1248102],[102402,1248102],4.20212
[102471,1247928],[102471,1247928],4.21601
[102472,1247924],[102472,1247924],4.21622
[102480,1247191],[102480,1247191],4.21773
[102481,1247187],[102481,1247187],4.21793
[102795,1247046],[102795,1247046],4.28146
[102796,1247042],[102796,1247042],4.28164
[102799,1246573],[102799,1246573],4.28221
[102800,1246569],[102800,1246569],4.28238
[103109,1245686],[103109,1245686],4.34172
[103110,1245682],[103110,1245682],4.3419
[104279,1245679],[104279,1245679],4.49684
[104280,1245675],[104280,1245675],4.49698
[104412,1245490],[104412,1245490],4.51586
[104413,1245486],[104413,1245486],4.51601
[104496,1245075],[104496,1245075],4.5291
[104497,1245071],[104497,1245071],4.52923
[104589,1244792],[104589,1244792],4.54201
[104590,1244788],[104590,1244788],4.5422
[104722,1244603],[104722,1244603],4.56158
[104723,1244599],[104723,1244599],4.56174
[105892,1244596],[105892,1244596],4.69883
[105893,1244592],[105893,1244592],4.69898
[105976,1244181],[105976,1244181],4.71053
[105977,1244177],[105977,1244177],4.71066
[106109,1243992],[106109,1243992],4.72653
[106110,1243988],[106110,1243988],4.72666
[106202,1243709],[106202,1243709],4.73809
[106203,1243705],[106203,1243705],4.73823
[106926,1243560],[106926,1243560],4.81604
[106927,1243556],[106927,1243556],4.81613
[107072,1243149],[107072,1243149],4.83127
[107073,1243145],[107073,1243145],4.83144
[107156,1242613],[107156,1242613],4.83976
[107157,1242609],[107157,1242609],4.83988
[107302,1242202],[107302,1242202],4.85432
[107303,1242198],[107303,1242198],4.85442
[108543,1242002],[108543,1242002],4.99307
[108544,1241998],[108544,1241998],4.99322
[108636,1241719],[108636,1241719],5.00654
[108637,1241715],[108637,1241715],5.00671
[108689,1241591],[108689,1241591],5.01452
[108690,1241587],[108690,1241587],5.01466
[108764,1241348],[108764,1241348],5.0259
[108765,1241344],[108765,1241344],5.02602
[108782,1241308],[108782,1241308],5.02846
[108783,1241304],[108783,1241304],5.02858
[108910,1240937],[108910,1240937],5.04602
[108911,1240933],[108911,1240933],5.04617
[108994,1240401],[108994,1240401],5.05764
[108995,1240397],[108995,1240397],5.05778
[109140,1239990],[109140,1239990],5.07745
[109141,1239986],[109141,1239986],5.0776
[109221,1239684],[109221,1239684],5.08946
[109222,1239680],[109222,1239680],5.0896
[109403,1239518],[109403,1239518],5.11582
[109404,1239514],[109404,1239514],5.11594
[109418,1239352],[109418,1239352],5.11782
[109419,1239348],[109419,1239348],5.11794
[109435,1239251],[109435,1239251],5.11992
[109436,1239247],[109436,1239247],5.12005
[109444,1239220],[109444,1239220],5.1212
[109445,1239216],[109445,1239216],5.12131
[109451,1238737],[109451,1238737],5.12212
[109452,1238733],[109452,1238733],5.12226
[109459,1238732],[109459,1238732],5.12324
[109460,1238728],[109460,1238728],5.12336
[109529,1238554],[109529,1238554],5.13506
[109530,1238550],[109530,1238550],5.13523
[109538,1237817],[109538,1237817],5.13654
[109539,1237813],[109539,1237813],5.1367
[109689,1237785],[109689,1237785],5.15962
[109690,1237781],[109690,1237781],5.15975
[109759,1237607],[109759,1237607],5.16979
[109760,1237603],[109760,1237603],5.16991
[109768,1236870],[109768,1236870],5.17099
[109769,1236866],[109769,1236866],5.17112
[110083,1236725],[110083,1236725],5.2176
[110084,1236721],[110084,1236721],5.21773
[110087,1236252],[110087,1236252],5.21816
[110088,1236248],[110088,1236248],5.2183
[111248,1235976],[111248,1235976],5.34511
[111249,1235972],[111249,1235972],5.34524
[111381,1235787],[111381,1235787],5.36037
[111382,1235783],[111382,1235783],5.36051
[111474,1235641],[111474,1235641],5.37279
[111475,1235637],[111475,1235637],5.3729
[111567,1235358],[111567,1235358],5.38401
[111568,1235354],[111568,1235354],5.38414
[111700,1235169],[111700,1235169],5.4007
[111701,1235165],[111701,1235165],5.40083
[111875,1234659],[111875,1234659],5.42341
[111876,1234655],[111876,1234655],5.42355
[112190,1234514],[112190,1234514],5.46365
[112191,1234510],[112191,1234510],5.46379
[112194,1234041],[112194,1234041],5.46416
[112195,1234037],[112195,1234037],5.46426
[113355,1233765],[113355,1233765],5.58897
[113356,1233761],[113356,1233761],5.5891
[113368,1233333],[113368,1233333],5.5905
[113369,1233329],[113369,1233329],5.59061
[113674,1233147],[113674,1233147],5.62801
[113675,1233143],[113675,1233143],5.62814
[113687,1232715],[113687,1232715],5.62969
[113688,1232711],[113688,1232711],5.62983
[114783,1232053],[114783,1232053],5.74502
[114784,1232049],[114784,1232049],5.74514
[115098,1231908],[115098,1231908],5.77993
[115099,1231904],[115099,1231904],5.78005
[115102,1231435],[115102,1231435],5.78033
[115103,1231431],[115103,1231431],5.78045
[115736,1089377],[115736,1089377],5.84708
[115737,1089373],[115737,1089373],5.84752
[115738,1088453],[115738,1088453],5.84786
[115739,1088449],[115739,1088449],5.84819
[115774,1081246],[115774,1081246],5.8509
[115775,1081242],[115775,1081242],5.8513
[115776,1080322],[115776,1080322],5.85164
[115777,1080318],[115777,1080318],5.85194
[115817,1080103],[115817,1080103],5.85454
[115818,1080099],[115818,1080099],5.85463
[115819,1079179],[115819,1079179],5.85471
[115820,1079175],[115820,1079175],5.85478
[115838,1075686],[115838,1075686],5.85586
[115839,1075682],[115839,1075682],5.85592
[115840,1074762],[115840,1074762],5.85599
[115841,1074758],[115841,1074758],5.85605
[116068,1074739],[116068,1074739],5.86657
[116069,1074735],[116069,1074735],5.86661
[116070,1073815],[116070,1073815],5.86666
[116071,1073811],[116071,1073811],5.86671
[116239,1072434],[116239,1072434],5.87481
[116240,1072430],[116240,1072430],5.87487
[116273,1071897],[116273,1071897],5.8768
[116274,1071893],[116274,1071893],5.87686
[116308,1071627],[116308,1071627],5.87936
[116309,1071623],[116309,1071623],5.87941
[116357,1071591],[116357,1071591],5.88308
[116358,1071587],[116358,1071587],5.88315
[116363,1071483],[116363,1071483],5.88346
[116364,1071479],[116364,1071479],5.88354
[116399,1071302],[116399,1071302],5.88625
[116400,1071298],[116400,1071298],5.88633
[116401,1070378],[116401,1070378],5.88639
[116402,1070374],[116402,1070374],5.88647
[116444,1070246],[116444,1070246],5.8892
[116445,1070242],[116445,1070242],5.88928
[116631,1069431],[116631,1069431],5.90104
[116632,1069427],[116632,1069427],5.90112
[116674,1069299],[116674,1069299],5.90329
[116675,1069295],[116675,1069295],5.90336
[116800,1068050],[116800,1068050],5.91346
[116801,1068046],[116801,1068046],5.91355
[116834,1067513],[116834,1067513],5.91626
[116835,1067509],[116835,1067509],5.91633
[116869,1067243],[116869,1067243],5.9204
[116870,1067239],[116870,1067239],5.92051
[116912,1067111],[116912,1067111],5.92462
[116913,1067107],[116913,1067107],5.92468
[116924,1067099],[116924,1067099],5.92561
[116925,1067095],[116925,1067095],5.9257
[116961,1067075],[116961,1067075],5.92821
[116962,1067071],[116962,1067071],5.92829
[116967,1066967],[116967,1066967],5.9287
[116968,1066963],[116968,1066963],5.92878
[117064,1066566],[117064,1066566],5.93571
[117065,1066562],[117065,1066562],5.93578
[117099,1066296],[117099,1066296],5.93816
[117100,1066292],[117100,1066292],5.93824
[117142,1066164],[117142,1066164],5.94107
[117143,1066160],[117143,1066160],5.94115
[117154,1066152],[117154,1066152],5.94178
[117155,1066148],[117155,1066148],5.94186
[117191,1066128],[117191,1066128],5.94421
[117192,1066124],[117192,1066124],5.94428
[117197,1066020],[117197,1066020],5.9446
[117198,1066016],[117198,1066016],5.94467
[118667,1065825],[118667,1065825],6.00441
[118668,1065821],[118668,1065821],6.00448
[118685,1065802],[118685,1065802],6.00586
[118686,1065798],[118686,1065798],6.00596
[118701,1065288],[118701,1065288],6.00729
[118702,1065284],[118702,1065284],6.00735
[118719,1065265],[118719,1065265],6.00835
[118720,1065261],[118720,1065261],6.00842
[118736,1065018],[118736,1065018],6.01044
[118737,1065014],[118737,1065014],6.01051
[118754,1064995],[118754,1064995],6.0125
[118755,1064991],[118755,1064991],6.01259
[118785,1064982],[118785,1064982],6.01504
[118786,1064978],[118786,1064978],6.01513
[118791,1064874],[118791,1064874],6.01548
[118792,1064870],[118792,1064870],6.01558
[118809,1064851],[118809,1064851],6.01687
[118810,1064847],[118810,1064847],6.01697
[118812,1064626],[118812,1064626],6.01712
[118813,1064622],[118813,1064622],6.0172
[118847,1064356],[118847,1064356],6.02146
[118848,1064352],[118848,1064352],6.02156
[118896,1064320],[118896,1064320],6.02526
[118897,1064316],[118897,1064316],6.02535
[118902,1064212],[118902,1064212],6.02579
[118903,1064208],[118903,1064208],6.02588
[118966,1064071],[118966,1064071],6.03095
[118967,1064067],[118967,1064067],6.03104
[118984,1064048],[118984,1064048],6.0324
[118985,1064044],[118985,1064044],6.03249
[119015,1064035],[119015,1064035],6.03496
[119016,1064031],[119016,1064031],6.03503
[119021,1063927],[119021,1063927],6.0354
[119022,1063923],[119022,1063923],6.03548
[119039,1063904],[119039,1063904],6.03685
[119040,1063900],[119040,1063900],6.03694
[119042,1063679],[119042,1063679],6.03713
[119043,1063675],[119043,1063675],6.03722
[119077,1063409],[119077,1063409],6.03966
[119078,1063405],[119078,1063405],6.03974
[119126,1063373],[119126,1063373],6.04334
[119127,1063369],[119127,1063369],6.0434
[119132,1063265],[119132,1063265],6.04376
[119133,1063261],[119133,1063261],6.04385
[120105,1053187],[120105,1053187],6.08992
[120106,1053183],[120106,1053183],6.09031
[120107,1052263],[120107,1052263],6.09057
[120108,1052259],[120108,1052259],6.09085
[120148,1052044],[120148,1052044],6.0919
[120149,1052040],[120149,1052040],6.09194
[120150,1051120],[120150,1051120],6.09201
[120151,1051116],[120151,1051116],6.09205
[120169,1047627],[120169,1047627],6.09255
[120170,1047623],[120170,1047623],6.09258
[120171,1046703],[120171,1046703],6.09261
[120172,1046699],[120172,1046699],6.09265
[120399,1046680],[120399,1046680],6.10031
[120400,1046676],[120400,1046676],6.10036
[120401,1045756],[120401,1045756],6.10041
[120402,1045752],[120402,1045752],6.10045
[120570,1044375],[120570,1044375],6.10763
[120571,1044371],[120571,1044371],6.10769
[120604,1043838],[120604,1043838],6.10952
[120605,1043834],[120605,1043834],6.10955
[120639,1043568],[120639,1043568],6.11207
[120640,1043564],[120640,1043564],6.11213
[120688,1043532],[120688,1043532],6.11428
[120689,1043528],[120689,1043528],6.11435
[120694,1043424],[120694,1043424],6.11461
[120695,1043420],[120695,1043420],6.11467
[120834,1042891],[120834,1042891],6.12186
[120835,1042887],[120835,1042887],6.12193
[120869,1042621],[120869,1042621],6.1237
[120870,1042617],[120870,1042617],6.12375
[120918,1042585],[120918,1042585],6.12602
[120919,1042581],[120919,1042581],6.12607
[120924,1042477],[120924,1042477],6.1263
[120925,1042473],[120925,1042473],6.12636
[124504,1042137],[124504,1042137],6.2138
[124505,1042133],[124505,1042133],6.21383
[124539,1041867],[124539,1041867],6.2156
[124540,1041863],[124540,1041863],6.21565
[124588,1041831],[124588,1041831],6.217
[124589,1041827],[124589,1041827],6.21704
[124594,1041723],[124594,1041723],6.21721
[124595,1041719],[124595,1041719],6.21725
[124734,1041190],[124734,1041190],6.22177
[124735,1041186],[124735,1041186],6.22181
[124769,1040920],[124769,1040920],6.22292
[124770,1040916],[124770,1040916],6.22296
[124818,1040884],[124818,1040884],6.2243
[124819,1040880],[124819,1040880],6.22435
[124824,1040776],[124824,1040776],6.22451
[124825,1040772],[124825,1040772],6.22455
[128533,1033914],[128533,1033914],6.27828
[128534,1033910],[128534,1033910],6.27857
[128564,1032807],[128564,1032807],6.27918
[128565,1032803],[128565,1032803],6.27943
[128576,1032771],[128576,1032771],6.27962
[128577,1032767],[128577,1032767],6.27964
[128597,1028354],[128597,1028354],6.2799
[128598,1028350],[128598,1028350],6.27993
[128628,1027247],[128628,1027247],6.28034
[128629,1027243],[128629,1027243],6.28037
[128858,1026300],[128858,1026300],6.28458
[128859,1026296],[128859,1026296],6.2846
[131101,1026278],[131101,1026278],6.32132
[131102,1026274],[131102,1026274],6.32136
[131132,1025171],[131132,1025171],6.32178
[131133,1025167],[131133,1025167],6.32181
[131362,1024224],[131362,1024224],6.32668
[131363,1024220],[131363,1024220],6.32671
[132335,1024070],[132335,1024070],6.35148
[132336,1024066],[132336,1024066],6.35151
[132565,1023123],[132565,1023123],6.35733
[132566,1023119],[132566,1023119],6.35737
[134839,1021994],[134839,1021994],6.40737
[134840,1021990],[134840,1021990],6.4074
[135069,1021047],[135069,1021047],6.41141
[135070,1021043],[135070,1021043],6.41143
[135799,1020965],[135799,1020965],6.42332
[135800,1020961],[135800,1020961],6.42335
[136284,1020204],[136284,1020204],6.43108
[136285,1020200],[136285,1020200],6.43111
[136631,1015867],[136631,1015867],6.43778
[136632,1015863],[136632,1015863],6.43803
[136674,1014724],[136674,1014724],6.43927
[136675,1014720],[136675,1014720],6.43931
[136695,1010307],[136695,1010307],6.43999
[136696,1010303],[136696,1010303],6.44003
[136925,1009360],[136925,1009360],6.44764
[136926,1009356],[136926,1009356],6.44769
[139199,1008231],[139199,1008231],6.49135
[139200,1008227],[139200,1008227],6.49138
[139429,1007284],[139429,1007284],6.49465
[139430,1007280],[139430,1007280],6.49467
[140644,1006441],[140644,1006441],6.51079
[140645,1006437],[140645,1006437],6.51084
[143329,1005583],[143329,1005583],6.54727
[143330,1005579],[143330,1005579],6.5473
[143636,1004972],[143636,1004972],6.55444
[143637,1004968],[143637,1004968],6.55448
[143866,1004025],[143866,1004025],6.56022
[143867,1004021],[143867,1004021],6.56025
[145795,1003500],[145795,1003500],6.59201
[145796,1003496],[145796,1003496],6.59203
[146025,1002553],[146025,1002553],6.5966
[146026,1002549],[146026,1002549],6.59662
[146370,1001949],[146370,1001949],6.60515
[146371,1001945],[146371,1001945],6.60517
[147240,1001710],[147240,1001710],6.62172
[147241,1001706],[147241,1001706],6.62176
[147585,1001106],[147585,1001106],6.63112
[147586,1001102],[147586,1001102],6.63117
[149322,1000565],[149322,1000565],6.66978
[149323,1000561],[149323,1000561],6.66981
[149468,999546],[149468,999546],6.6752
[149469,999542],[149469,999542],6.67548
[149477,999282],[149477,999282],6.67616
[149478,999278],[149478,999278],6.67645
[149489,995129],[149489,995129],6.67678
[149490,995125],[149490,995125],6.67683
[149533,994058],[149533,994058],6.67827
[149534,994054],[149534,994054],6.67831
[149541,993722],[149541,993722],6.67854
[149542,993718],[149542,993718],6.67859
[149763,993111],[149763,993111],6.68796
[149764,993107],[149764,993107],6.68802
[149771,992775],[149771,992775],6.68831
[149772,992771],[149772,992771],6.68835
[152037,991982],[152037,991982],6.74916
[152038,991978],[152038,991978],6.74919
[152045,991646],[152045,991646],6.74936
[152046,991642],[152046,991642],6.74939
[152267,991035],[152267,991035],6.75503
[152268,991031],[152268,991031],6.75507
[152275,990699],[152275,990699],6.75527
[152276,990695],[152276,990695],6.7553
[153482,990192],[153482,990192],6.78125
[153483,990188],[153483,990188],6.7813
[153490,989856],[153490,989856],6.78146
[153491,989852],[153491,989852],6.78148
[155751,989613],[155751,989613],6.82276
[155752,989609],[155752,989609],6.82278
[155973,989002],[155973,989002],6.82879
[155974,988998],[155974,988998],6.82882
[155981,988666],[155981,988666],6.82961
[155982,988662],[155982,988662],6.82964
[156270,988466],[156270,988466],6.83681
[156271,988462],[156271,988462],6.83684
[156482,988387],[156482,988387],6.84274
[156483,988383],[156483,988383],6.84279
[156704,987776],[156704,987776],6.84898
[156705,987772],[156705,987772],6.84902
[156712,987440],[156712,987440],6.8492
[156713,987436],[156713,987436],6.84924
[158633,987251],[158633,987251],6.89384
[158634,987247],[158634,987247],6.89388
[158641,986915],[158641,986915],6.89402
[158642,986911],[158642,986911],6.89406
[158863,986304],[158863,986304],6.89916
[158864,986300],[158864,986300],6.8992
[158871,985968],[158871,985968],6.89935
[158872,985964],[158872,985964],6.89937
[159208,985700],[159208,985700],6.90786
[159209,985696],[159209,985696],6.90789
[159216,985364],[159216,985364],6.90807
[159217,985360],[159217,985360],6.9081
[160086,985125],[160086,985125],6.92445
[160087,985121],[160087,985121],6.92447
[160423,984857],[160423,984857],6.93207
[160424,984853],[160424,984853],6.9321
[160431,984521],[160431,984521],6.93224
[160432,984517],[160432,984517],6.93226
[162160,984316],[162160,984316],6.95566
[162161,984312],[162161,984312],6.9557
[162168,983980],[162168,983980],6.95584
[162169,983976],[162169,983976],6.95587
[162301,983864],[162301,983864],6.95942
[162302,983860],[162302,983860],6.95946
[162345,982793],[162345,982793],6.9606
[162346,982789],[162346,982789],6.96063
[162353,982457],[162353,982457],6.96082
[162354,982453],[162354,982453],6.96085
[162575,981846],[162575,981846],6.9664
[162576,981842],[162576,981842],6.96643
[162583,981510],[162583,981510],6.96659
[162584,981506],[162584,981506],6.96663
[164142,980743],[164142,980743],7.00112
[164143,980739],[164143,980739],7.00116
[164150,980407],[164150,980407],7.00128
[164151,980403],[164151,980403],7.00131
[164372,979796],[164372,979796],7.0078
[164373,979792],[164373,979792],7.00784
[164380,979460],[164380,979460],7.00807
[164381,979456],[164381,979456],7.00811
[165087,979434],[165087,979434],7.02808
[165088,979430],[165088,979430],7.02815
[166294,978927],[166294,978927],7.05042
[166295,978923],[166295,978923],7.05046
[166302,978591],[166302,978591],7.0506
[166303,978587],[166303,978587],7.05063
[166330,976311],[166330,976311],7.05216
[166331,976307],[166331,976307],7.05219
[166374,975240],[166374,975240],7.05332
[166375,975236],[166375,975236],7.05336
[166382,974904],[166382,974904],7.05356
[166383,974900],[166383,974900],7.05358
[166604,974293],[166604,974293],7.06004
[166605,974289],[166605,974289],7.06008
[166612,973957],[166612,973957],7.06028
[166613,973953],[166613,973953],7.06031
[168878,973164],[168878,973164],7.09247
[168879,973160],[168879,973160],7.0925
[168886,972828],[168886,972828],7.09263
[168887,972824],[168887,972824],7.09266
[169108,972217],[169108,972217],7.09652
[169109,972213],[169109,972213],7.09657
[169116,971881],[169116,971881],7.09677
[169117,971877],[169117,971877],7.0968
[170323,971374],[170323,971374],7.11688
[170324,971370],[170324,971370],7.11691
[170331,971038],[170331,971038],7.11709
[170332,971034],[170332,971034],7.11713
[172592,970795],[172592,970795],7.14905
[172593,970791],[172593,970791],7.14907
[172814,970184],[172814,970184],7.15262
[172815,970180],[172815,970180],7.15265
[172822,969848],[172822,969848],7.15284
[172823,969844],[172823,969844],7.15287
[173323,969569],[173323,969569],7.16175
[173324,969565],[173324,969565],7.16177
[173545,968958],[173545,968958],7.16552
[173546,968954],[173546,968954],7.16554
[173553,968622],[173553,968622],7.16568
[173554,968618],[173554,968618],7.1657
[175474,968433],[175474,968433],7.18925
[175475,968429],[175475,968429],7.18928
[175482,968097],[175482,968097],7.18941
[175483,968093],[175483,968093],7.18944
[175704,967486],[175704,967486],7.19318
[175705,967482],[175705,967482],7.19322
[175712,967150],[175712,967150],7.19336
[175713,967146],[175713,967146],7.19339
[176049,966882],[176049,966882],7.20083
[176050,966878],[176050,966878],7.20085
[176057,966546],[176057,966546],7.20102
[176058,966542],[176058,966542],7.20105
[176927,966307],[176927,966307],7.21468
[176928,966303],[176928,966303],7.21471
[177264,966039],[177264,966039],7.22121
[177265,966035],[177265,966035],7.22123
[177272,965703],[177272,965703],7.22143
[177273,965699],[177273,965699],7.22145
[179001,965498],[179001,965498],7.24458
[179002,965494],[179002,965494],7.2446
[179009,965162],[179009,965162],7.2447
[179010,965158],[179010,965158],7.24472
[179418,965117],[179418,965117],7.25096
[179419,965113],[179419,965113],7.25099
[179755,964849],[179755,964849],7.25794
[179756,964845],[179756,964845],7.25796
[179763,964513],[179763,964513],7.25808
[179764,964509],[179764,964509],7.25809
[180633,964274],[180633,964274],7.27188
[180634,964270],[180634,964270],7.2719
[180970,964006],[180970,964006],7.27963
[180971,964002],[180971,964002],7.27967
[180978,963670],[180978,963670],7.27997
[180979,963666],[180979,963666],7.28003
[181505,963422],[181505,963422],7.29185
[181506,963418],[181506,963418],7.29188
[181513,963086],[181513,963086],7.29204
[181514,963082],[181514,963082],7.29207
[182423,962762],[182423,962762],7.30406
[182424,962758],[182424,962758],7.30408
[182645,962151],[182645,962151],7.30725
[182646,962147],[182646,962147],7.30727
[182653,961815],[182653,961815],7.30742
[182654,961811],[182654,961811],7.30744
[183860,961308],[183860,961308],7.3246
[183861,961304],[183861,961304],7.32462
[183868,960972],[183868,960972],7.32477
[183869,960968],[183869,960968],7.32478
[184650,960657],[184650,960657],7.33825
[184651,960653],[184651,960653],7.33828
[184872,960046],[184872,960046],7.34273
[184873,960042],[184873,960042],7.34276
[184880,959710],[184880,959710],7.34288
[184881,959706],[184881,959706],7.34292
[186087,959203],[186087,959203],7.36238
[186088,959199],[186088,959199],7.3624
[186095,958867],[186095,958867],7.3625
[186096,958863],[186096,958863],7.36253
[187894,958129],[187894,958129],7.38529
[187895,958125],[187895,958125],7.38532
[187902,957793],[187902,957793],7.38543
[187903,957789],[187903,957789],7.38546
[188124,957182],[188124,957182],7.39053
[188125,957178],[188125,957178],7.39056
[188132,956846],[188132,956846],7.39072
[188133,956842],[188133,956842],7.39074
[189051,956727],[189051,956727],7.40517
[189052,956723],[189052,956723],7.40519
[189273,956116],[189273,956116],7.40831
[189274,956112],[189274,956112],7.40833
[189281,955780],[189281,955780],7.40843
[189282,955776],[189282,955776],7.40845
[190406,955717],[190406,955717],7.42079
[190407,955713],[190407,955713],7.42082
[190488,955273],[190488,955273],7.42213
[190489,955269],[190489,955269],7.42215
[190496,954937],[190496,954937],7.42228
[190497,954933],[190497,954933],7.42231
[190636,954770],[190636,954770],7.42415
[190637,954766],[190637,954766],7.42417
[191813,954711],[191813,954711],7.44343
[191814,954707],[191814,954707],7.44346
[191819,954617],[191819,954617],7.44361
[191820,954613],[191820,954613],7.44365
[191821,954375],[191821,954375],7.44369
[191822,954371],[191822,954371],7.44372
[191843,954263],[191843,954263],7.44421
[191844,954259],[191844,954259],7.44424
[191851,953927],[191851,953927],7.4444
[191852,953923],[191852,953923],7.44442
[192987,953747],[192987,953747],7.46293
[192988,953743],[192988,953743],7.46295
[193036,953532],[193036,953532],7.46369
[193037,953528],[193037,953528],7.46371
[194194,953240],[194194,953240],7.48025
[194195,953236],[194195,953236],7.48027
[194202,952904],[194202,952904],7.4804
[194203,952900],[194203,952900],7.48042
[194342,952737],[194342,952737],7.48271
[194343,952733],[194343,952733],7.48273
[194843,952458],[194843,952458],7.48993
[194844,952454],[194844,952454],7.48995
[195065,951847],[195065,951847],7.49279
[195066,951843],[195066,951843],7.49281
[195073,951511],[195073,951511],7.49291
[195074,951507],[195074,951507],7.49293
[195992,951392],[195992,951392],7.50304
[195993,951388],[195993,951388],7.50306
[196214,950781],[196214,950781],7.50571
[196215,950777],[196215,950777],7.50572
[196222,950445],[196222,950445],7.50582
[196223,950441],[196223,950441],7.50584
[197224,950375],[197224,950375],7.51705
[197225,950371],[197225,950371],7.51708
[197232,950039],[197232,950039],7.51716
[197233,950035],[197233,950035],7.51718
[197429,949938],[197429,949938],7.52056
[197430,949934],[197430,949934],7.52058
[197437,949602],[197437,949602],7.52069
[197438,949598],[197438,949598],7.52072
[197577,949435],[197577,949435],7.52275
[197578,949431],[197578,949431],7.52278
[198447,949196],[198447,949196],7.53305
[198448,949192],[198448,949192],7.53309
[198784,948928],[198784,948928],7.53873
[198785,948924],[198785,948924],7.53875
[198792,948592],[198792,948592],7.53885
[198793,948588],[198793,948588],7.53887
[199928,948412],[199928,948412],7.55111
[199929,948408],[199929,948408],7.55113
[200171,948029],[200171,948029],7.5549
[200172,948025],[200172,948025],7.55491
[200215,946958],[200215,946958],7.55563
[200216,946954],[200216,946954],7.55566
[200223,946622],[200223,946622],7.55577
[200224,946618],[200224,946618],7.55579
[200445,946011],[200445,946011],7.56003
[200446,946007],[200446,946007],7.56008
[200453,945675],[200453,945675],7.56026
[200454,945671],[200454,945671],7.5603
[202719,944882],[202719,944882],7.58804
[202720,944878],[202720,944878],7.58807
[202727,944546],[202727,944546],7.58818
[202728,944542],[202728,944542],7.5882
[202949,943935],[202949,943935],7.59179
[202950,943931],[202950,943931],7.59181
[202957,943599],[202957,943599],7.59194
[202958,943595],[202958,943595],7.59196
[204164,943092],[204164,943092],7.60734
[204165,943088],[204165,943088],7.60736
[204172,942756],[204172,942756],7.60746
[204173,942752],[204173,942752],7.60747
[206400,942599],[206400,942599],7.62857
[206401,942595],[206401,942595],7.62859
[206433,942513],[206433,942513],7.62911
[206434,942509],[206434,942509],7.62913
[206655,941902],[206655,941902],7.63272
[206656,941898],[206656,941898],7.63274
[206663,941566],[206663,941566],7.63284
[206664,941562],[206664,941562],7.63287
[207164,941287],[207164,941287],7.64053
[207165,941283],[207165,941283],7.64055
[207386,940676],[207386,940676],7.64433
[207387,940672],[207387,940672],7.64438
[207394,940340],[207394,940340],7.64456
[207395,940336],[207395,940336],7.64459
[209315,940151],[209315,940151],7.66664
[209316,940147],[209316,940147],7.66666
[209323,939815],[209323,939815],7.66673
[209324,939811],[209324,939811],7.66675
[209545,939204],[209545,939204],7.67009
[209546,939200],[209546,939200],7.67011
[209553,938868],[209553,938868],7.67023
[209554,938864],[209554,938864],7.67025
[209890,938600],[209890,938600],7.67651
[209891,938596],[209891,938596],7.67654
[209898,938264],[209898,938264],7.67667
[209899,938260],[209899,938260],7.67669
[210768,938025],[210768,938025],7.68744
[210769,938021],[210769,938021],7.68746
[211105,937757],[211105,937757],7.6923
[211106,937753],[211106,937753],7.69232
[211113,937421],[211113,937421],7.69242
[211114,937417],[211114,937417],7.69244
[211926,937308],[211926,937308],7.70442
[211927,937304],[211927,937304],7.70445
[211934,936972],[211934,936972],7.70454
[211935,936968],[211935,936968],7.70458
[213141,936465],[213141,936465],7.71681
[213142,936461],[213142,936461],7.71683
[213149,936129],[213149,936129],7.71695
[213150,936125],[213150,936125],7.71697
[214474,935992],[214474,935992],7.72686
[214475,935988],[214475,935988],7.72688
[214811,935724],[214811,935724],7.73115
[214812,935720],[214812,935720],7.73117
[214819,935388],[214819,935388],7.73126
[214820,935384],[214820,935384],7.73128
[215632,935275],[215632,935275],7.74178
[215633,935271],[215633,935271],7.7418
[215640,934939],[215640,934939],7.74193
[215641,934935],[215641,934935],7.74195
[216256,934816],[216256,934816],7.74868
[216257,934812],[216257,934812],7.74869
[216264,934480],[216264,934480],7.74877
[216265,934476],[216265,934476],7.74879
[216486,933869],[216486,933869],7.7512
[216487,933865],[216487,933865],7.75122
[216494,933533],[216494,933533],7.75132
[216495,933529],[216495,933529],7.75134
[217701,933026],[217701,933026],7.76149
[217702,933022],[217702,933022],7.7615
[217709,932690],[217709,932690],7.76161
[217710,932686],[217710,932686],7.76163
[218491,932375],[218491,932375],7.76829
[218492,932371],[218492,932371],7.76832
[218713,931764],[218713,931764],7.77082
[218714,931760],[218714,931760],7.77084
[218721,931428],[218721,931428],7.77092
[218722,931424],[218722,931424],7.77094
[219928,930921],[219928,930921],7.7836
[219929,930917],[219929,930917],7.78362
[219936,930585],[219936,930585],7.78376
[219937,930581],[219937,930581],7.78379
[220967,929045],[220967,929045],7.79303
[220968,929041],[220968,929041],7.79305
[221197,928098],[221197,928098],7.79523
[221198,928094],[221198,928094],7.79525
[223114,927834],[223114,927834],7.80784
[223115,927830],[223115,927830],7.80785
[223122,927498],[223122,927498],7.80793
[223123,927494],[223123,927494],7.80795
[223471,926969],[223471,926969],7.81223
[223472,926965],[223472,926965],7.81226
[223701,926022],[223701,926022],7.81559
[223702,926018],[223702,926018],7.81562
[224916,925179],[224916,925179],7.82522
[224917,925175],[224917,925175],7.82524
[226192,924939],[226192,924939],7.83477
[226193,924935],[226193,924935],7.83479
[227264,923277],[227264,923277],7.84233
[227265,923273],[227265,923273],7.84235
[227494,922330],[227494,922330],7.84492
[227495,922326],[227495,922326],7.84493
[229768,921201],[229768,921201],7.85838
[229769,921197],[229769,921197],7.8584
[229998,920254],[229998,920254],7.86029
[229999,920250],[229999,920250],7.86031
[231213,919411],[231213,919411],7.86787
[231214,919407],[231214,919407],7.86788
[233594,919303],[233594,919303],7.87883
[233595,919299],[233595,919299],7.87885
[234041,918632],[234041,918632],7.88223
[234042,918628],[234042,918628],7.88225
[234205,917942],[234205,917942],7.88413
[234206,917938],[234206,917938],7.88414
[234435,916995],[234435,916995],7.88607
[234436,916991],[234436,916991],7.88608
[236364,916470],[236364,916470],7.89396
[236365,916466],[236365,916466],7.89398
[236594,915523],[236594,915523],7.8954
[236595,915519],[236595,915519],7.89542
[236939,914919],[236939,914919],7.89853
[236940,914915],[236940,914915],7.89854
[237809,914680],[237809,914680],7.90459
[237810,914676],[237810,914676],7.90461
[238154,914076],[238154,914076],7.90767
[238155,914072],[238155,914072],7.90768
[239465,913851],[239465,913851],7.91537
[239466,913847],[239466,913847],7.91538
[239891,913535],[239891,913535],7.91893
[239892,913531],[239892,913531],7.91895
[240680,913008],[240680,913008],7.92434
[240681,913004],[240681,913004],7.92436
[241956,912768],[241956,912768],7.93323
[241957,912764],[241957,912764],7.93325
[242165,912406],[242165,912406],7.93567
[242166,912402],[242166,912402],7.9357
[242395,911459],[242395,911459],7.93876
[242396,911455],[242396,911455],7.93877
[242717,910987],[242717,910987],7.94321
[242718,910983],[242718,910983],7.94324
[243535,910188],[243535,910188],7.95172
[243536,910184],[243536,910184],7.95174
[243866,909921],[243866,909921],7.95567
[243867,909917],[243867,909917],7.95569
[244750,909345],[244750,909345],7.96298
[244751,909341],[244751,909341],7.963
[245081,909078],[245081,909078],7.96767
[245082,909074],[245082,909074],7.96769
[245221,908911],[245221,908911],7.96944
[245222,908907],[245222,908907],7.96946
[245762,908083],[245762,908083],7.97655
[245763,908079],[245763,908079],7.97657
[246436,908068],[246436,908068],7.98309
[246437,908064],[246437,908064],7.98311
[246977,907240],[246977,907240],7.98754
[246978,907236],[246978,907236],7.98755
[248784,906166],[248784,906166],8.00108
[248785,906162],[248785,906162],8.0011
[249014,905219],[249014,905219],8.00365
[249015,905215],[249015,905215],8.00366
[249933,905100],[249933,905100],8.01205
[249934,905096],[249934,905096],8.01207
[250163,904153],[250163,904153],8.01381
[250164,904149],[250164,904149],8.01382
[251288,904090],[251288,904090],8.02086
[251289,904086],[251289,904086],8.02088
[251378,903310],[251378,903310],8.0215
[251379,903306],[251379,903306],8.02152
[251518,903143],[251518,903143],8.0228
[251519,903139],[251519,903139],8.02281
[252701,902990],[252701,902990],8.03356
[252702,902986],[252702,902986],8.03358
[252703,902748],[252703,902748],8.03361
[252704,902744],[252704,902744],8.03364
[252733,902300],[252733,902300],8.03402
[252734,902296],[252734,902296],8.03403
[253916,902147],[253916,902147],8.04463
[253917,902143],[253917,902143],8.04465
[253918,901905],[253918,901905],8.04467
[253919,901901],[253919,901901],8.04469
[254808,900763],[254808,900763],8.05135
[254809,900759],[254809,900759],8.05136
[255038,899816],[255038,899816],8.0529
[255039,899812],[255039,899812],8.05292
[256874,899765],[256874,899765],8.06293
[256875,899761],[256875,899761],8.06294
[257104,898818],[257104,898818],8.06454
[257105,898814],[257105,898814],8.06455
[257312,898687],[257312,898687],8.0668
[257313,898683],[257313,898683],8.06681
[257542,897740],[257542,897740],8.06916
[257543,897736],[257543,897736],8.06918
[258757,896897],[258757,896897],8.07833
[258758,896893],[258758,896893],8.07835
[260033,896657],[260033,896657],8.08561
[260034,896653],[260034,896653],8.08563
[261105,894995],[261105,894995],8.09217
[261106,894991],[261106,894991],8.09219
[261335,894048],[261335,894048],8.09454
[261336,894044],[261336,894044],8.09456
[263609,892919],[263609,892919],8.10549
[263610,892915],[263610,892915],8.1055
[263839,891972],[263839,891972],8.10684
[263840,891968],[263840,891968],8.10685
[265054,891129],[265054,891129],8.11341
[265055,891125],[265055,891125],8.11342
[266519,891113],[266519,891113],8.12079
[266520,891109],[266520,891109],8.12081
[267282,890972],[267282,890972],8.12488
[267283,890968],[267283,890968],8.1249
[267734,890270],[267734,890270],8.1281
[267735,890266],[267735,890266],8.12811
[268046,889660],[268046,889660],8.13057
[268047,889656],[268047,889656],8.13058
[268276,888713],[268276,888713],8.13241
[268277,888709],[268277,888709],8.13243
[270205,888188],[270205,888188],8.1422
[270206,888184],[270206,888184],8.14221
[270435,887241],[270435,887241],8.14354
[270436,887237],[270436,887237],8.14355
[270780,886637],[270780,886637],8.14619
[270781,886633],[270781,886633],8.1462
[271650,886398],[271650,886398],8.1511
[271651,886394],[271651,886394],8.15111
[271995,885794],[271995,885794],8.15344
[271996,885790],[271996,885790],8.15345
[272816,885345],[272816,885345],8.15852
[272817,885341],[272817,885341],8.15854
[274031,884502],[274031,884502],8.16371
[274032,884498],[274032,884498],8.16372
[275797,884486],[275797,884486],8.17234
[275798,884482],[275798,884482],8.17236
[275810,884449],[275810,884449],8.17245
[275811,884445],[275811,884445],8.17247
[276038,884172],[276038,884172],8.17429
[276039,884168],[276039,884168],8.17431
[277012,883643],[277012,883643],8.18094
[277013,883639],[277013,883639],8.18096
[277025,883606],[277025,883606],8.18107
[277026,883602],[277026,883602],8.18109
[277146,882853],[277146,882853],8.18235
[277147,882849],[277147,882849],8.18237
[277376,881906],[277376,881906],8.18429
[277377,881902],[277377,881902],8.18431
[277707,881639],[277707,881639],8.18756
[277708,881635],[277708,881635],8.18758
[278591,881063],[278591,881063],8.19307
[278592,881059],[278592,881059],8.19308
[278922,880796],[278922,880796],8.19541
[278923,880792],[278923,880792],8.19542
[279373,880748],[279373,880748],8.19801
[279374,880744],[279374,880744],8.19803
[279603,879801],[279603,879801],8.19941
[279604,879797],[279604,879797],8.19943
[280818,878958],[280818,878958],8.20438
[280819,878954],[280819,878954],8.2044
[283621,878875],[283621,878875],8.21416
[283622,878871],[283622,878871],8.21417
[283646,878179],[283646,878179],8.21434
[283647,878175],[283647,878175],8.21435
[283774,876818],[283774,876818],8.21552
[283775,876814],[283775,876814],8.21555
[284004,875871],[284004,875871],8.21733
[284005,875867],[284005,875867],8.21734
[285219,875028],[285219,875028],8.22302
[285220,875024],[285220,875024],8.22303
[286542,874708],[286542,874708],8.22879
[286543,874704],[286543,874704],8.2288
[286544,874466],[286544,874466],8.22881
[286545,874462],[286545,874462],8.22883
[287757,873865],[287757,873865],8.23591
[287758,873861],[287758,873861],8.23592
[287759,873623],[287759,873623],8.23594
[287760,873619],[287760,873619],8.23596
[289254,873159],[289254,873159],8.24318
[289255,873155],[289255,873155],8.24321
[290249,872840],[290249,872840],8.24775
[290250,872836],[290250,872836],8.24777
[290387,872758],[290387,872758],8.24899
[290388,872754],[290388,872754],8.24901
[290668,872222],[290668,872222],8.25152
[290669,872218],[290669,872218],8.25154
[290715,871483],[290715,871483],8.25197
[290716,871479],[290716,871479],8.25199
[290945,870536],[290945,870536],8.25414
[290946,870532],[290946,870532],8.25416
[292160,869693],[292160,869693],8.26061
[292161,869689],[292161,869689],8.26063
[293483,869373],[293483,869373],8.26529
[293484,869369],[293484,869369],8.2653
[294106,869181],[294106,869181],8.2678
[294107,869177],[294107,869177],8.26782
[294336,868234],[294336,868234],8.2688
[294337,868230],[294337,868230],8.26882
[295551,867391],[295551,867391],8.27352
[295552,867387],[295552,867387],8.27353
[296411,867355],[296411,867355],8.2776
[296412,867351],[296412,867351],8.27761
[297554,866517],[297554,866517],8.28266
[297555,866513],[297555,866513],8.28269
[297626,866512],[297626,866512],8.28322
[297627,866508],[297627,866508],8.28324
[297945,866382],[297945,866382],8.28616
[297946,866378],[297946,866378],8.28618
[298769,865674],[298769,865674],8.2908
[298770,865670],[298770,865670],8.29081
[299160,865539],[299160,865539],8.29363
[299161,865535],[299161,865535],8.29364
[299370,865097],[299370,865097],8.29516
[299371,865093],[299371,865093],8.29518
[299982,864522],[299982,864522],8.29933
[299983,864518],[299983,864518],8.29935
[300130,863778],[300130,863778],8.30064
[300131,863774],[300131,863774],8.30066
[300360,862831],[300360,862831],8.30236
[300361,862827],[300361,862827],8.30238
[301575,861988],[301575,861988],8.30833
[301576,861984],[301576,861984],8.30834
[302708,861587],[302708,861587],8.31297
[302709,861583],[302709,861583],8.31298
[303923,860744],[303923,860744],8.31738
[303924,860740],[303924,860740],8.31739
[305390,860643],[305390,860643],8.3248
[305391,860639],[305391,860639],8.32482
[305475,860287],[305475,860287],8.32534
[305476,860283],[305476,860283],8.32536
[306049,859701],[306049,859701],8.32911
[306050,859697],[306050,859697],8.32913
[306279,858754],[306279,858754],8.33074
[306280,858750],[306280,858750],8.33076
[306427,858010],[306427,858010],8.3321
[306428,858006],[306428,858006],8.33212
[306657,857063],[306657,857063],8.33389
[306658,857059],[306658,857059],8.33391
[307872,856220],[307872,856220],8.3393
[307873,856216],[307873,856216],8.33931
[310833,856121],[310833,856121],8.34628
[310834,856117],[310834,856117],8.3463
[310864,855409],[310864,855409],8.34647
[310865,855405],[310865,855405],8.34648
[311687,854875],[311687,854875],8.35042
[311688,854871],[311688,854871],8.35043
[312875,854023],[312875,854023],8.35403
[312876,854019],[312876,854019],8.35404
[313368,852675],[313368,852675],8.35586
[313369,852671],[313369,852671],8.35588
[313598,851728],[313598,851728],8.35695
[313599,851724],[313599,851724],8.35696
[314813,850885],[314813,850885],8.3608
[314814,850881],[314814,850881],8.36082
[317578,850593],[317578,850593],8.36512
[317579,850589],[317579,850589],8.36513
[318124,850550],[318124,850550],8.36732
[318125,850546],[318125,850546],8.36733
[318398,850487],[318398,850487],8.36861
[318399,850483],[318399,850483],8.36863
[318628,849540],[318628,849540],8.36969
[318629,849536],[318629,849536],8.3697
[319535,848996],[319535,848996],8.37287
[319536,848992],[319536,848992],8.3729
[319843,848697],[319843,848697],8.37461
[319844,848693],[319844,848693],8.37463
[320147,848421],[320147,848421],8.37656
[320148,848417],[320148,848417],8.37657
[321813,847530],[321813,847530],8.38114
[321814,847526],[321814,847526],8.38115
[322043,846583],[322043,846583],8.38233
[322044,846579],[322044,846579],8.38234
[323304,846101],[323304,846101],8.38607
[323305,846097],[323305,846097],8.38608
[324519,845258],[324519,845258],8.38908
[324520,845254],[324520,845254],8.3891
[326086,844961],[326086,844961],8.39334
[326087,844957],[326087,844957],8.39336
[326172,844793],[326172,844793],8.39422
[326173,844789],[326173,844789],8.39423
[326214,843600],[326214,843600],8.39443
[326215,843596],[326215,843596],8.39444
[326444,842653],[326444,842653],8.39598
[326445,842649],[326445,842649],8.39599
[328404,842238],[328404,842238],8.40064
[328405,842234],[328405,842234],8.40065
[328982,841490],[328982,841490],8.40297
[328983,841486],[328983,841486],8.40298
[329293,840896],[329293,840896],8.40487
[329294,840892],[329294,840892],8.40489
[330479,840784],[330479,840784],8.40795
[330480,840780],[330480,840780],8.40796
[331474,840465],[331474,840465],8.41026
[331475,840461],[331475,840461],8.41027
[332827,839540],[332827,839540],8.41288
[332828,839536],[332828,839536],8.4129
[333256,838260],[333256,838260],8.41492
[333257,838256],[333257,838256],8.41493
[333486,837313],[333486,837313],8.41639
[333487,837309],[333487,837309],8.4164
[334701,836470],[334701,836470],8.4205
[334702,836466],[334702,836466],8.42051
[335891,835956],[335891,835956],8.42316
[335892,835952],[335892,835952],8.42317
[336776,835016],[336776,835016],8.4256
[336777,835012],[336777,835012],8.42562
[338239,834712],[338239,834712],8.4284
[338240,834708],[338240,834708],8.42842
[338851,834137],[338851,834137],8.43043
[338852,834133],[338852,834133],8.43045
[339994,833299],[339994,833299],8.43325
[339995,833295],[339995,833295],8.43326
[340385,833164],[340385,833164],8.43502
[340386,833160],[340386,833160],8.43503
[341342,833054],[341342,833054],8.43798
[341343,833050],[341343,833050],8.43799
[341806,832828],[341806,832828],8.43984
[341807,832824],[341807,832824],8.43985
[341958,831135],[341958,831135],8.44078
[341959,831131],[341959,831131],8.44079
[342188,830188],[342188,830188],8.44212
[342189,830184],[342189,830184],8.44214
[342800,829613],[342800,829613],8.44561
[342801,829609],[342801,829609],8.44563
[344746,829319],[344746,829319],8.4492
[344747,829315],[344747,829315],8.44921
[344919,829312],[344919,829312],8.45007
[345148,828369],[345148,828369],8.45106
[345149,828365],[345149,828365],8.45108
[346700,827912],[346700,827912],8.45442
[346701,827908],[346701,827908],8.45443
[347830,827425],[347830,827425],8.45688
[347831,827421],[347831,827421],8.45689
[348854,827331],[348854,827331],8.45976
[348855,827327],[348855,827327],8.45978
[348867,824792],[348867,824792],8.45985
[348868,824788],[348868,824788],8.45987
[349097,823845],[349097,823845],8.46098
[349098,823841],[349098,823841],8.46099
[353393,823614],[353393,823614],8.46554
[353394,823610],[353394,823610],8.46555
[353623,822667],[353623,822667],8.46619
[353624,822663],[353624,822663],8.4662
[353897,822604],[353897,822604],8.46729
[353898,822600],[353898,822600],8.4673
[354127,821657],[354127,821657],8.46821
[354128,821653],[354128,821653],8.46823
[356808,821048],[356808,821048],8.47143
[356809,821044],[356809,821044],8.47144
[357082,820985],[357082,820985],8.4724
[357083,820981],[357083,820981],8.47242
[357312,820038],[357312,820038],8.47327
[357313,820034],[357313,820034],8.47328
[358299,819228],[358299,819228],8.47587
[358300,819224],[358300,819224],8.47588
[358573,819165],[358573,819165],8.4769
[358574,819161],[358574,819161],8.47692
[358803,818218],[358803,818218],8.47789
[358804,818214],[358804,818214],8.4779
[360456,817753],[360456,817753],8.48081
[360457,817749],[360457,817749],8.48082
[361812,817030],[361812,817030],8.48315
[361813,817026],[361813,817026],8.48316
[363307,816661],[363307,816661],8.48542
[363308,816657],[363308,816657],8.48543
[364522,815818],[364522,815818],8.48753
[364523,815814],[364523,815814],8.48754
[365712,815304],[365712,815304],8.48972
[365713,815300],[365713,815300],8.48973
[367658,815010],[367658,815010],8.49219
[367659,815006],[367659,815006],8.4922
[367831,815003],[367831,815003],8.49292
[368060,814060],[368060,814060],8.49373
[368061,814056],[368061,814056],8.49375
[368672,813485],[368672,813485],8.49589
[368673,813481],[368673,813481],8.4959
[369815,812647],[369815,812647],8.49806
[369816,812643],[369816,812643],8.49807
[370206,812512],[370206,812512],8.49958
[370207,812508],[370207,812508],8.49959
[371163,812402],[371163,812402],8.50186
[371164,812398],[371164,812398],8.50187
[371779,810483],[371779,810483],8.50321
[371780,810479],[371780,810479],8.50322
[372009,809536],[372009,809536],8.50392
[372010,809532],[372010,809532],8.50393
[372621,808961],[372621,808961],8.50623
[372622,808957],[372622,808957],8.50624
[374567,808667],[374567,808667],8.50877
[374568,808663],[374568,808663],8.50878
[374740,808660],[374740,808660],8.50948
[374969,807717],[374969,807717],8.51034
[374970,807713],[374970,807713],8.51035
[376521,807260],[376521,807260],8.5131
[376522,807256],[376522,807256],8.51312
[378688,804140],[378688,804140],8.51506
[378689,804136],[378689,804136],8.51507
[378918,803193],[378918,803193],8.51578
[378919,803189],[378919,803189],8.51579
[413316,803138],[413316,803138],8.52456
[413317,803134],[413317,803134],8.52457
[414785,802590],[414785,802590],8.52605
[414786,802586],[414786,802586],8.52607
[415483,800018],[415483,800018],8.52706
[415484,800014],[415484,800014],8.52707
[415713,799071],[415713,799071],8.52764
[415714,799067],[415714,799067],8.52765
[431150,798973],[431150,798973],8.52942
[431151,798969],[431151,798969],8.52943
[443306,798726],[443306,798726],8.53172
[443307,798722],[443307,798722],8.53172
[463735,798515],[463735,798515],8.53469
[463736,798511],[463736,798511],8.5347
[463965,797568],[463965,797568],8.53477
[463966,797564],[463966,797564],8.53477
[467715,795798],[467715,795798],8.5356
[467716,795794],[467716,795794],8.53561
[467945,794851],[467945,794851],8.53565
[467946,794847],[467946,794847],8.53565
[480101,794604],[480101,794604],8.53728
[480102,794600],[480102,794600],8.53729
[560383,794312],[560383,794312],8.54828
[560384,794308],[560384,794308],8.54829
[560613,793365],[560613,793365],8.54831
[560614,793361],[560614,793361],8.54832
[561219,792548],[561219,792548],8.54841
[561220,792544],[561220,792544],8.54842
[575738,791660],[575738,791660],8.54968
[575739,791656],[575739,791656],8.54969
[575968,790713],[575968,790713],8.54975
[575969,790709],[575969,790709],8.54976
[576574,789896],[576574,789896],8.54984
[576575,789892],[576575,789892],8.54985
[588730,789649],[588730,789649],8.55181
[588731,789645],[588731,789645],8.55182
[610357,789465],[610357,789465],8.55449
[610358,789461],[610358,789461],8.5545
[610963,788648],[610963,788648],8.55459
[610964,788644],[610964,788644],8.5546
[612533,787538],[612533,787538],8.55483
[612534,787534],[612534,787534],8.55485
[612763,786591],[612763,786591],8.55488
[612764,786587],[612764,786587],8.55489
[613369,785774],[613369,785774],8.55556
[613370,785770],[613370,785770],8.55557
[617355,785152],[617355,785152],8.55733
[617356,785148],[617356,785148],8.55734
[620584,785033],[620584,785033],8.55844
[620585,785029],[620585,785029],8.55845
[622278,784381],[622278,784381],8.55938
[622279,784377],[622279,784377],8.55939
[622314,784361],[622314,784361],8.55946
[622315,784357],[622315,784357],8.55948
[622481,784283],[622481,784283],8.55967
[622482,784279],[622482,784279],8.55968
[622508,783434],[622508,783434],8.5597
[622509,783430],[622509,783430],8.55971
[622544,783414],[622544,783414],8.55975
[622545,783410],[622545,783410],8.55976
[624114,783396],[624114,783396],8.56062
[624115,783392],[624115,783392],8.56063
[624141,782547],[624141,782547],8.56067
[624142,782543],[624142,782543],8.56068
[624344,782449],[624344,782449],8.56087
[624345,782445],[624345,782445],8.56088
[624371,781600],[624371,781600],8.5609
[624372,781596],[624372,781596],8.56091
[628309,781527],[628309,781527],8.56207
[628310,781523],[628310,781523],8.56207
[635076,781356],[635076,781356],8.56307
[635077,781352],[635077,781352],8.56309
[635306,780409],[635306,780409],8.56321
[635307,780405],[635307,780405],8.56322
[640921,780107],[640921,780107],8.56436
[640922,780103],[640922,780103],8.56437
[640999,779942],[640999,779942],8.56448
[641000,779938],[641000,779938],8.56449
[641160,779235],[641160,779235],8.56459
[641161,779231],[641161,779231],8.5646
[641772,778660],[641772,778660],8.56507
[641773,778656],[641773,778656],8.56507
[642228,778409],[642228,778409],8.56546
[642229,778405],[642229,778405],8.56547
[643356,778225],[643356,778225],8.56604
[643357,777841],[643357,777841],8.56605
[643358,777837],[643358,777837],8.56605
[643968,777650],[643968,777650],8.56694
[643969,777646],[643969,777646],8.56695
[644042,777581],[644042,777581],8.56702
[644043,777577],[644043,777577],8.56702
[644120,777416],[644120,777416],8.56709
[644121,777412],[644121,777412],8.5671
[644424,777399],[644424,777399],8.56772
[644425,777395],[644425,777395],8.56773
[644491,777298],[644491,777298],8.5678
[644492,777294],[644492,777294],8.5678
[644717,776749],[644717,776749],8.56827
[644718,776365],[644718,776365],8.56828
[644719,776361],[644719,776361],8.56829
[644947,775802],[644947,775802],8.56855
[644948,775418],[644948,775418],8.56855
[644949,775414],[644949,775414],8.56856
[645559,775227],[645559,775227],8.56907
[645560,775223],[645560,775223],8.56908
[646015,774976],[646015,774976],8.56947
[646016,774972],[646016,774972],8.56948
[647505,774933],[647505,774933],8.56995
[647506,774929],[647506,774929],8.56996
[647678,774926],[647678,774926],8.57045
[647829,774148],[647829,774148],8.57075
[647830,774144],[647830,774144],8.57076
[647839,773839],[647839,773839],8.57078
[647840,773835],[647840,773835],8.57079
[648069,772892],[648069,772892],8.57103
[648070,772888],[648070,772888],8.57104
[650035,772829],[650035,772829],8.57161
[650036,772825],[650036,772825],8.57162
[650265,771882],[650265,771882],8.57172
[650266,771878],[650266,771878],8.57173
[651626,770406],[651626,770406],8.57212
[651627,770402],[651627,770402],8.57213
[651856,769459],[651856,769459],8.57226
[651857,769455],[651857,769455],8.57227
[684864,768770],[684864,768770],8.57326
[684865,768766],[684865,768766],8.57326
[686830,768707],[686830,768707],8.57358
[686831,768703],[686831,768703],8.57359
[687060,767760],[687060,767760],8.57368
[687061,767756],[687061,767756],8.57368
[688421,766284],[688421,766284],8.57402
[688422,766280],[688422,766280],8.57404
[688651,765337],[688651,765337],8.57415
[688652,765333],[688652,765333],8.57416
[704088,765239],[704088,765239],8.57451
[704089,765235],[704089,765235],8.57452
[716244,764992],[716244,764992],8.5746
[716245,764988],[716245,764988],8.5746
[736673,764781],[736673,764781],8.57477
[736674,764777],[736674,764777],8.57478
[736903,763834],[736903,763834],8.57479
[736904,763830],[736904,763830],8.57479
[739292,763540],[739292,763540],8.57482
[739293,763536],[739293,763536],8.57483
[740653,762064],[740653,762064],8.57485
[740654,762060],[740654,762060],8.57486
[740883,761117],[740883,761117],8.57488
[740884,761113],[740884,761113],8.57488
[753039,760870],[753039,760870],8.57496
[753040,760866],[753040,760866],8.57497
[833321,760578],[833321,760578],8.57545
[833322,760574],[833322,760574],8.57546
[833551,759631],[833551,759631],8.57548
[833552,759627],[833552,759627],8.57548
[834157,758814],[834157,758814],8.57553
[834158,758810],[834158,758810],8.57554
[847921,758585],[847921,758585],8.5756
[847922,758581],[847922,758581],8.57561
[848676,757926],[848676,757926],8.57562
[848677,757922],[848677,757922],8.57563
[848906,756979],[848906,756979],8.57564
[848907,756975],[848907,756975],8.57565
[849512,756162],[849512,756162],8.57567
[849513,756158],[849513,756158],8.57567
[861668,755915],[861668,755915],8.57572
[861669,755911],[861669,755911],8.57572
[882520,755473],[882520,755473],8.57578
[882521,755469],[882521,755469],8.57579
[883901,754914],[883901,754914],8.57581
[883902,754910],[883902,754910],8.57581
[884716,754463],[884716,754463],8.57583
[884717,754459],[884717,754459],8.57583
[885471,753804],[885471,753804],8.57584
[885472,753800],[885472,753800],8.57585
[885701,752857],[885701,752857],8.57587
[885702,752853],[885702,752853],8.57587
[886307,752040],[886307,752040],8.57589
[886308,752036],[886308,752036],8.57589
[898463,751793],[898463,751793],8.57591
[898464,751789],[898464,751789],8.57592
